-5.168312857845909214e-01
6.640551752098489136e-02
7.733270291150785847e-02
-2.889170434226270290e-01
-3.012597874078437044e-01
9.280692728980990958e-02
1.681564533164505715e-01
-6.909641178227200753e-02
4.332057314989540969e-02
5.913307948059454144e-01
1.519986786861657058e-01
6.963324590599180297e-01
8.226214986346800373e-01
-4.083247970007734540e-01
6.178449553735363420e-01
4.870005806628832090e-01
6.152640590512258034e-02
-2.671852567007398371e-01
-9.563249169632268010e-02
5.981428737453501343e-01
-2.730784832596707123e-01
-6.668740828488052275e-01
3.625407992892973330e-01
7.899302343638316959e-01
9.841510499976343640e-01
-4.162685889904774172e-01
1.000000000000000000e+00
-2.344125009147191019e-02
-4.143865152011266817e-01
7.552199262964303106e-01
-1.114385893468684968e-01
6.691978023008892107e-01
-5.019982710453686769e-02
5.330340131185329344e-01
9.085254151386633337e-02
4.954470510036438902e-01
-4.710925028111878632e-05
1.428224043007335908e-01
1.858364758845071005e-02
-1.723553834928337469e-02
-1.017321749002004505e-01
1.859425765957167798e-01
-5.300271854738251021e-01
1.792231899985408106e-01
-5.602265252203191270e-01
-3.825255360497055723e-01
-3.980987742687309150e-01
1.313182134211611785e-01
-4.147752462401902429e-01
3.841036950609567069e-01
3.389753163049792906e-01
-5.494019434334012075e-01
7.134473542983087446e-01
-1.333480261245270082e-01
1.000000000000000000e+00
-1.000000000000000000e+00
-1.000000000000000000e+00
6.123248119373818632e-01
1.342371865436312595e-01
-3.148257600673871059e-01
-2.558678707509133288e-01
-2.459461761440368543e-01
-9.219341560607664798e-02
7.192093463820971033e-01
5.555743430105350988e-01
-5.378803413880202111e-01
-3.592236504381923767e-02
6.966488452111405660e-01
-7.149820415052300371e-01
-6.953724536054539662e-01
5.481046127466934204e-01
-1.491982198650726454e-02
9.649567711001866277e-02
-6.020716019713114875e-01
-6.901967902672718758e-01
-1.502822633009260889e-01
-6.887348693811300437e-01
-9.741634590518374881e-02
7.344515133339215573e-01
5.610610045743700258e-01
-6.693952357046090151e-02
-2.137564020040607637e-01
3.205013567080255976e-01
-1.000000000000000000e+00
-5.198217249098400217e-01
-2.307643002206162253e-01
2.149145188286410990e-02
-9.254880056770229402e-01
-5.082368680320360488e-01
-5.120600547962168569e-01
-2.741709081314162022e-01
7.353259363116371183e-02
-2.129829256990436182e-01
6.934695997645359267e-01
7.106941151331601370e-02
-7.527122755731446846e-03
9.845979356192967324e-02
2.151712821427207989e-01
-2.643656409461942608e-02
-2.398925324843698692e-01
1.207270337482647948e-02
-2.572193206305162794e-01
9.478356412313704293e-02
-3.144618229701566237e-01
1.160102666859655768e-01
-2.561640715972669513e-01
-4.398691931610344552e-01
3.705198549128794205e-01
-2.963937085939166716e-02
6.667738551853247264e-01
-1.327013887007396920e-01
-2.345238299625729272e-02
8.053357100349409770e-01
-5.064889525210837240e-01
-2.148721159642003053e-01
-1.108488751814172835e-01
4.501107431057170816e-01
1.298040413105692736e-01
-1.706544209031402859e-01
4.744956158004966923e-02
-2.041393238574380486e-01
8.324051453666972966e-01
-4.058721882482622112e-01
6.287161514264846818e-02
6.339044758215087727e-01
-4.131727981510766590e-01
-1.000000000000000000e+00
-1.497440245950529547e-01
1.128290686853385127e-02
-1.620038228254346846e-01
-4.760785004203327286e-01
-5.624929140683797568e-01
-8.294815984915007712e-02
-6.403865697243493749e-01
6.409900963678751840e-01
-5.582116461220598680e-02
2.113197603507418476e-01
-7.279693813838138405e-01
-8.139122963537023248e-01
5.749460415530737167e-01
2.794110197599046774e-01
1.247789202060561875e-01
7.686272365759050373e-01
-5.033134025977429316e-01
4.998522053284301658e-02
-5.885604359532174978e-01
-2.261872821865663630e-01
8.244270362021943743e-02
-6.664270458371401862e-02
1.000000000000000000e+00
-6.917855803011836446e-01
-2.237662028858423968e-01
-1.320409190890677043e-01
1.992591630927084134e-01
-9.894688892166769723e-03
2.080133413978277612e-01
-3.010837520969655845e-01
1.315075640455737604e-01
6.140545665752101812e-01
1.222698140163428794e-02
3.285939970089764017e-01
-1.933297801439258223e-01
8.581200386104004263e-01
7.339086961893327710e-02
3.137265439174615755e-01
-4.053596517444001956e-01
3.319813897976026662e-01
5.735550431253612080e-01
4.869548901654956463e-01
2.744888172181759733e-01
7.991721938126855607e-01
1.567985261510478068e-01
-4.157174225170183202e-01
6.266918392649852843e-01
-5.142615067434906928e-01
4.382684842356105448e-01
3.543613816628390367e-01
5.564350873721201074e-01
2.483269353078935149e-01
2.581573387368708838e-02
5.772065817316172076e-01
1.368480154899932855e-01
-6.249056140724529307e-01
-7.937975397584785819e-02
3.943616988228357823e-01
8.078826334360040828e-01
-2.544042849539551732e-01
-3.294787146176769155e-01
3.596371695333696605e-01
3.820498716932254624e-01
8.526626639131379415e-02
-7.103102022734067988e-01
8.219450145809794606e-01
1.856004634029491951e-01
7.398017225451730683e-01
2.141035870995181833e-01
9.534997351380777864e-02
-2.795954302594622076e-01
-1.000000000000000000e+00
-4.551598332413159254e-02
-3.509536211675951534e-01
-7.462897794836934606e-01
3.286799648386092287e-01
-8.894238927268269812e-01
1.527402570957770711e-01
-1.428425597687759396e-01
-1.558755536197238278e-01
-1.000000000000000000e+00
-2.260862325695013886e-01
-3.691388255490293258e-01
1.453391571999264054e-01
-6.212434405377984525e-01
-3.536059477375383953e-01
2.147433377432507728e-01
3.393707101944953286e-01
-1.162018672887227544e-01
1.000000000000000000e+00
-7.839022167776170669e-01
1.000000000000000000e+00
5.057676667628116518e-03
-4.566431173343665079e-02
-1.074433467906909800e-01
-2.547395100286365954e-01
1.000000000000000000e+00
4.940603629790372153e-01
-6.665389172784728089e-01
-2.195187281489361930e-01
4.521691575740607871e-02
-3.876217473792475249e-03
4.323989794399071274e-01
-5.616146766242585686e-01
-1.486535617454755598e-01
-6.106964071308877973e-01
2.998684359650651832e-01
6.357660182246765990e-02
-5.963539234466951333e-01
-8.264825290298043470e-01
1.000000000000000000e+00
6.369596787759086443e-01
9.017974607035988965e-02
3.982925455406509663e-01
-2.348282838329046052e-01
-4.824980833407632730e-02
4.729998909499569248e-01
3.736803171950833224e-01
7.636151179717289850e-01
-2.031281563961048198e-01
9.798489630376283621e-02
-1.000000000000000000e+00
-2.149044563782797068e-01
-7.052680222689675649e-01
1.000000000000000000e+00
-1.234331000135208967e-01
-1.406956111087465933e-01
5.853307446679560933e-01
4.446336984967700912e-01
6.781778907877197837e-02
4.890967033240178896e-01
-1.011465407908977154e-01
-1.000000000000000000e+00
6.421785872618903657e-01
6.928476339217658486e-01
3.188546528041403816e-01
-6.748823838001187791e-01
-8.929277272204010352e-01
4.110306757582022907e-01
2.071174870646799726e-01
8.435451403289928596e-02
6.325375338896228605e-01
3.497566882648843745e-01
-2.539894049032587198e-01
-4.763058988519384696e-01
-6.502243649573151707e-01
-3.291562519382262852e-01
-1.671091183946701864e-02
-1.066777172521159167e-01
8.162989507248405996e-01
-2.857076762771380563e-01
-1.850803651289820717e-01
1.881704068767429405e-01
-1.000000000000000000e+00
1.493919828274059003e-01
1.000000000000000000e+00
5.971833922168741093e-01
-1.828780454649469034e-01
1.000000000000000000e+00
-1.756131901307741716e-01
-5.217234184128982655e-01
-3.195223743455964382e-01
-2.405587952098195426e-01
-3.666221039120003411e-01
5.567344895263214299e-01
-2.644179907022941589e-01
-1.000000000000000000e+00
-1.510242744697801176e-02
1.000000000000000000e+00
4.955659242978810997e-01
-7.494562963686959289e-01
1.272286477535038429e-01
-1.000000000000000000e+00
-9.125910240226045023e-01
1.558050452073176384e-01
3.331809086204520765e-01
-4.229806080072996410e-01
6.255445818790988932e-02
3.263603729694531386e-01
5.360439172148295794e-01
6.094621136817325313e-01
1.516126501867339493e-01
1.000000000000000000e+00
1.223542439650646407e-01
-4.151618783963728077e-01
5.823395824243873253e-01
-1.121768274026795909e-01
2.367816378250037213e-02
4.457506464992364581e-01
-1.321316724621103278e-01
-2.296811955473619660e-01
1.761160325378895719e-01
4.028893104181769935e-01
-1.398268586605542763e-01
1.826090674020391935e-01
-8.208365571759134172e-01
7.565575747127171180e-01
1.900903243401336484e-01
1.675515209686355977e-01
-5.881990047436506108e-01
-1.000000000000000000e+00
4.255219505041317185e-01
-1.192398251102212009e-01
3.176290647547788115e-01
4.244965101394725798e-02
-5.759015412306744963e-01
5.399703204972167159e-02
-5.888627310854798180e-01
7.775467550030715214e-02
1.524984009139811192e-02
-4.749538157251002590e-01
8.928727689120175004e-02
-8.306200855698950836e-01
-9.495211146698162574e-01
-9.601352381004950587e-01
2.843855406641199179e-01
8.099998788361666424e-01
-8.320091432868043091e-02
-5.414463815105820255e-02
1.652464104149266866e-01
-2.375744234963421408e-01
4.985841130044494918e-01
-3.328510151638502390e-01
4.909128366507878316e-02
-1.945446574924440675e-01
1.000000000000000000e+00
-8.741674776935826063e-02
1.762556349909793485e-01
2.388949662487426240e-01
1.000000000000000000e+00
-2.682802179105524612e-02
-8.521864047501925832e-01
2.403016147387520562e-01
-1.492398450412925071e-01
-1.756173939269743411e-01
4.419788085810373301e-01
-1.000000000000000000e+00
-1.305813816525849824e-01
-6.531678200506847720e-02
1.099328476456462589e-02
6.265152122943361546e-01
-5.572449415390891003e-01
-6.127468477168831473e-01
-5.653546683313815935e-01
-1.802177799444972250e-01
1.818203404703053194e-01
-3.447695771942197451e-01
2.218376660523775079e-01
-4.617050668314336415e-01
8.652131472910924437e-01
7.394354745017179820e-01
-5.400550860560563438e-01
-1.418823544367187051e-01
-9.693278747149240704e-02
-6.453082231514418732e-01
-1.017783891112635786e-01
4.140955294972331613e-01
1.000000000000000000e+00
6.871236046574857870e-01
-7.721764329825722140e-01
-7.454812239434892573e-01
-5.752878861084186335e-01
-3.333131738976752856e-01
7.714203549025147044e-01
9.634965330017547513e-02
9.939699112815636450e-02
2.893370551160813209e-01
6.302217936167766599e-01
1.000000000000000000e+00
-8.903722578210957472e-01
7.063167596364829937e-01
3.392264466738961065e-02
-5.852276573345364108e-01
4.477410479704527213e-01
-2.187222693856433198e-03
-3.516819811868463486e-01
7.072812623349726824e-01
3.248454180702604610e-01
-1.513138189722702254e-01
7.895313090497584341e-01
-7.708687019039758836e-02
-5.367521762730237400e-02
-4.128467879406617635e-01
-7.492954107892255688e-01
-1.205063758693150910e-01
-2.097354507076577002e-01
-5.339122452344241543e-02
-2.128440528177841795e-01
-3.811249826836375920e-01
5.259910063392607693e-01
-3.951800769213783537e-01
-7.051498542860616670e-02
7.207003337723397185e-02
-1.000000000000000000e+00
5.122448344015830823e-01
1.195493676002379463e-01
1.823727552011476516e-01
5.858117792169735827e-01
5.686625269053979803e-01
-4.521440618100282527e-01
5.370504742194109893e-02
4.082659491180988809e-01
-1.386371008056769619e-02
-2.852914907504587871e-01
3.610989782046750141e-01
-1.471339845149674530e-02
-4.630378726604850170e-05
-1.927740260095121561e-01
-2.265909339477715501e-01
-6.430687534157589758e-01
4.217410933163742159e-01
2.883861239307419222e-01
-1.482334283192440760e-01
6.197544900495641773e-01
-2.737670413055842134e-01
9.205606887019701645e-01
5.414077419557362658e-01
-3.142035403631903145e-01
-3.025120616634003889e-01
1.000000000000000000e+00
1.463802386569381109e-01
8.061318785868662462e-02
-3.717452886175690724e-02
5.000667117025814346e-01
1.000000000000000000e+00
1.637924638649166931e-01
5.231914533659789979e-02
-1.634432543150137196e-01
1.000000000000000000e+00
-4.003765708106846732e-01
-8.763823750314714278e-01
5.269674006296064528e-01
2.530377143470813328e-02
-4.476493214381007529e-02
-6.216188690238857451e-01
1.000000000000000000e+00
8.646179541387023770e-02
2.089369747008082145e-01
3.881026387700483027e-01
5.965491371666685749e-01
-5.161366127966435791e-01
-6.999064057296500163e-02
-3.260850502194239109e-01
1.805959717153624855e-01
1.000000000000000000e+00
6.426129196174615865e-01
5.335022975213227214e-02
4.355235118873898581e-01
-4.385332496444589445e-01
2.986512938692527097e-01
6.159485924619632069e-01
1.977108169976685703e-01
1.311760552999888252e-01
-1.502753569553737512e-01
7.422064771891051516e-01
7.773917765317903128e-02
1.566454940937708762e-01
-1.479234626431542160e-02
1.341962017361788551e-01
4.629921131275103185e-01
-3.482250130774015018e-01
-3.024453629178470715e-01
-4.935754293980819662e-01
-3.992215784194994010e-01
-6.483397219147578605e-01
1.627713484074386208e-01
-2.725301214712965159e-01
1.321036301522038603e-01
-4.892462712225211785e-01
1.644280015665253447e-01
-2.494035381719086342e-01
-4.510758795658252329e-01
5.408131790577728193e-01
-1.767297669689218975e-01
2.982449818823335042e-01
3.822421969885733128e-01
3.336554324213993339e-01
1.093155460938756707e-01
6.347421341434686948e-01
-7.115386808728976220e-01
2.904615653661669628e-01
-3.740871347417358272e-01
1.859726110834291624e-01
-3.842615457763243203e-01
-1.244286844426633482e-01
6.050155880482773751e-01
3.038153490615119745e-02
3.769126599179689618e-02
-9.547736245459671756e-02
9.219000957332168511e-02
-8.946548685363896192e-03
3.916853422005946994e-01
5.834590250980302706e-01
1.000000000000000000e+00
-3.274602544143920269e-01
1.000000000000000000e+00
-2.703538457132420025e-01
-4.985714754254275127e-01
-6.660556971682061178e-01
3.804025721667869675e-01
6.349809328589230972e-01
-1.000000000000000000e+00
-5.773461406812729901e-01
-6.659394099194695382e-01
1.000000000000000000e+00
-5.339147292379131660e-02
-6.639830632245247166e-02
-5.330668314586617385e-03
3.012711137287070740e-01
3.748246892370450944e-01
-6.853579570622679862e-01
6.024443274209886207e-02
-3.255986345112737435e-01
-3.133158810750028556e-01
8.610257360364820256e-01
1.465652658485308013e-01
8.982474789308816376e-01
-3.316747339356994617e-01
-8.623990011941495837e-01
2.865400309672435641e-01
-5.754211276812385423e-01
-7.847830020278319108e-01
3.666766627226617503e-01
-2.110091948397525563e-01
6.189931820467475809e-01
1.717042917948778669e-01
-5.347949384861456767e-01
-5.335429080650285760e-01
-4.590233255379305155e-01
4.392552314362757615e-02
-2.947745745432332476e-01
7.247765844213735487e-02
1.000000000000000000e+00
3.911233278781787170e-01
-1.303480140764046447e-01
7.016996432249849036e-01
-1.000000000000000000e+00
-1.542321001513555223e-02
2.121896274738330757e-01
-7.591330159517165610e-01
2.740530623960155676e-01
9.780124006628927447e-01
-5.168785494860963503e-01
-5.380814590295238120e-02
-5.153164285228514219e-01
3.205502156953208837e-01
-5.698644635772689426e-01
7.427393834572377784e-01
4.018665663209326777e-02
-1.372440928426391649e-01
-7.025363164692062234e-01
-1.000000000000000000e+00
-2.954649841655708764e-01
7.549936731454205685e-02
-3.073730520322442983e-01
2.663028567832377291e-01
3.699778767065408647e-01
-5.756186124376504454e-01
1.856998171902317640e-01
3.399804006772685350e-01
6.744749323942970110e-01
2.261862217400897601e-01
-5.541443716843875711e-01
-3.583444733756807610e-01
-1.546527906841203559e-01
-2.219150684735814449e-01
-2.894720745194073741e-02
1.451098561487692562e-01
-3.253393239810760673e-01
1.000000000000000000e+00
2.359285252006449451e-01
-8.182642876918821973e-01
-3.142593400771436785e-01
-2.215125266972417239e-01
9.767254919097223542e-02
-3.048837417414758111e-01
-4.018501965134401166e-01
6.051305053272439949e-01
-8.037301952271452832e-03
2.521659893631352789e-01
-3.741711204325923745e-01
6.778885842256234806e-01
-4.407988414483668960e-01
2.493696661015860072e-01
2.502314703830664788e-01
8.904765668261124811e-02
-9.217524627049233921e-02
-2.195587844406246547e-02
-1.682879724489784179e-01
-8.633629520643232302e-02
3.633206028934857224e-01
-8.917490491785420303e-01
1.593443983083278614e-01
2.156284481934056529e-02
1.573824793857009352e-03
-2.284691365315755507e-01
4.380082171752265330e-01
-1.163640815342362189e-01
-5.061184291725118189e-01
-5.391398601001735624e-01
-1.682828992988010253e-01
-1.000000000000000000e+00
1.000000000000000000e+00
8.277038819019256755e-01
-1.271652419525421546e-02
-5.142665976515381487e-02
5.969087451439920589e-01
3.579731085389845080e-02
-7.909702349309458147e-02
-8.648093722777250303e-01
7.971704469515575320e-02
-2.463002604063174728e-01
-1.000000000000000000e+00
1.371436999966041126e-01
4.612291027789687525e-02
1.000000000000000000e+00
6.680398725776804936e-01
-4.075814432919242503e-01
6.138828983607788614e-02
-2.802450008466869091e-01
-5.049936613963559168e-02
1.009517070828633012e-01
-1.869209589184060438e-01
5.559517058028486947e-01
1.077704762915151493e-01
1.000000000000000000e+00
5.529222264078978433e-02
4.813020991410743576e-01
-1.190491856019967598e-01
2.881147607669964916e-02
3.062776409055474325e-01
-1.680774824195963579e-01
6.900677910956909411e-02
3.099293839673264439e-02
2.538471110187640045e-01
1.166647298689506285e-01
-1.017140013553102518e-01
-7.390278364069083339e-02
-1.348945969108211740e-02
-4.203560058197415295e-01
1.520324322477072387e-01
-4.158318068892973285e-01
-2.570921267510650754e-01
5.138960568106825111e-01
4.761152377137044533e-01
-1.000000000000000000e+00
-7.663631707132633197e-01
4.263886272509780917e-01
-8.150608034659251322e-01
4.283870192180288528e-01
-1.000000000000000000e+00
-6.961522050405760664e-01
-6.995584901800115940e-01
-2.880132729004576952e-01
8.155334162830627509e-01
6.976068266836665810e-01
7.711615983528787854e-01
6.088191881207756229e-01
5.121777718608954144e-01
-3.107461185654473712e-01
4.731266016516541550e-01
5.268908317287067655e-01
5.879524920100988039e-01
-5.637329342435940527e-01
-5.508419041708723096e-01
-5.002209445315181080e-04
8.535595423621170075e-02
4.584885855520923204e-01
-1.549569390707879191e-01
-3.237875809153750728e-01
-2.539303941618860083e-01
-3.697465616339624672e-01
-3.025470629765006358e-01
-3.126423592966835474e-01
-5.693713850244705998e-01
-1.000000000000000000e+00
1.000000000000000000e+00
1.000000000000000000e+00
-1.000000000000000000e+00
-1.299368487140329653e-01
5.133498797209339326e-01
6.356267852219913417e-01
1.856066594508074541e-01
-4.780918561600798478e-02
-3.837387434052101365e-01
7.962270946459820697e-04
-3.977072003420388246e-01
-3.203313471157382408e-01
3.852031653732245625e-02
-1.000000000000000000e+00
-3.624230046937628735e-01
-3.177039015815600331e-01
-1.741691764056794989e-02
-6.015272896214297615e-01
1.463640182296667425e-01
-6.219402164192596727e-01
-3.049686322443250219e-01
1.000000000000000000e+00
7.570574891248109672e-01
-3.360037008087047306e-01
-3.516819811868463486e-01
6.055341429491517546e-01
3.834540646775112804e-02
6.316010032969626709e-01
5.470566017421496507e-01
5.239154210303350601e-01
1.044184348117777328e-01
-8.002542462188733108e-02
5.933790404700465260e-01
-4.498573741641350709e-01
3.014022223578879944e-02
-2.108927635591192340e-01
-2.575430969801565384e-01
2.737503424224695392e-01
-4.622842070440306150e-01
-9.342433804446206858e-02
-4.404918804601783422e-01
-7.319675576332899947e-02
-2.294678159211075985e-01
1.795355715032430910e-01
5.640271958808216191e-01
4.237178191047803466e-01
-1.820718118983161715e-01
-5.430692791299341904e-01
-1.834086236108342649e-01
-7.011752527307519856e-01
-8.202433323294195944e-01
1.000000000000000000e+00
-5.980996498110884296e-01
4.215901674858194559e-01
8.384989362848993544e-01
3.375045690931121473e-02
-9.495206991296420984e-01
4.457204426325661606e-01
1.478836718469103417e-01
-1.080940626529442866e-01
-4.469020811484605282e-01
-1.754745589935567673e-01
5.528567062859787162e-01
1.436932809527944888e-01
1.812783617951444215e-01
6.232195342894529810e-01
1.000000000000000000e+00
-2.079694800319411840e-01
4.965110148883354890e-01
6.501758966859072508e-02
-8.048728703034024878e-03
-1.037413359908123944e-01
6.911184061322329653e-01
2.119924892280797557e-01
-8.571092521310191836e-01
5.989068539598364493e-01
-8.141641944392281893e-02
-2.246801669583862737e-01
-2.173896432685015478e-01
6.633515403975247249e-02
5.080939647682796156e-01
2.463106913804403719e-01
-1.863101964811868516e-01
-3.685309408497594030e-01
3.095446234444337863e-01
-6.630498001342318704e-01
1.133991673349972196e-01
-7.631494592026499824e-01
-1.000000000000000000e+00
1.000000000000000000e+00
-4.267081591797221574e-01
3.060606635037912415e-01
-5.612033176961783720e-02
4.529669881896233319e-01
2.701720529784805425e-02
7.954008878215574896e-01
7.980621707892558980e-01
6.203635714142188284e-01
-7.154921509532403967e-02
-3.136047514346610443e-01
1.000000000000000000e+00
-2.676918002486615433e-02
2.097375862825765491e-01
4.346152583721427098e-01
4.508170139162508416e-01
1.000000000000000000e+00
-1.267297545111517598e-01
1.992161460566947706e-01
-5.021477740546900215e-01
-1.000000000000000000e+00
4.157204919631181661e-01
-3.114900364024701662e-02
-4.346332367055435464e-01
3.342531257402650557e-01
4.738266356936037260e-01
1.000000000000000000e+00
-3.035446496952493023e-01
5.866325845256529226e-01
2.460909114474496562e-04
7.012760942669311603e-01
6.549731771854129248e-01
6.486456818705819138e-01
-4.342797252589059021e-01
7.573996483607101649e-01
2.106115329577513406e-01
-2.116063677035291135e-01
-9.909302271566966525e-01
-6.823951820312149641e-01
-2.256222498883228289e-01
-3.689797516292385171e-01
-3.840885775324206358e-02
-6.688949461753962433e-01
-6.524336592023223247e-01
-3.193985609267767645e-01
3.106995416975527613e-01
-3.802967750480097386e-01
3.257551233206722463e-01
-1.583578792598107077e-01
-3.942191686770580850e-01
1.711192773694458769e-01
-3.902715118741028610e-01
5.276645696737253255e-02
2.828613796943426628e-01
1.000000000000000000e+00
4.154594313322483301e-01
-3.556288837994083796e-01
7.204913855017284208e-01
-1.961028262800664224e-01
-1.000000000000000000e+00
-4.308558268002794511e-01
-1.357685124226491735e-01
6.451388113587083195e-01
-2.019046536293748473e-01
-2.585328504964487517e-02
-5.375000215612810717e-01
-3.119591730608512470e-01
-2.170671486044004617e-01
-1.404856831434310449e-01
-4.507683969984934702e-01
6.285468592661726250e-02
4.599105513323078487e-01
-4.419045227620584104e-02
-5.853293201150303604e-01
5.117585737965553161e-01
-2.290381038897638111e-01
-8.201299324708788419e-01
-1.102294977105263418e-01
5.333851183212917624e-03
2.093968539535450701e-01
-1.467917010167512637e-01
-3.677067871865321580e-01
3.438007162407755168e-01
8.159014455637585428e-01
-6.145472122531747683e-01
-8.850945278948562089e-01
-4.017096466247900288e-01
2.492700459000246060e-01
7.743718519331148631e-01
4.097144400909444317e-01
-2.835277560736380043e-01
6.389770057902175449e-01
-3.537744275823598850e-01
-3.448567660761106546e-01
-1.201391921878195435e-01
1.000000000000000000e+00
-1.000000000000000000e+00
-7.875918748085293519e-02
1.563885228031459684e-01
-5.096147286050022318e-01
4.094166772114164465e-01
6.573984533878165504e-01
1.979270726907700895e-01
4.864523016150071322e-02
-1.000000000000000000e+00
5.209999536714109425e-01
-1.039923389512068530e-01
-2.491894166680395928e-01
1.247759395515297687e-01
5.383727753333239496e-01
-3.692249886893860245e-01
-6.595157249728902382e-01
-1.364102844386327340e-01
2.523020978418559213e-01
-3.818301671961961130e-01
4.025487963169337435e-01
2.992953877071118374e-01
-4.406204313718354304e-01
1.495635313062593785e-01
-1.000000000000000000e+00
-2.743333446340645229e-02
5.126370404346850540e-01
3.835598015409136252e-02
-2.189629848726474537e-01
8.862594028590374817e-01
6.460937511190695259e-01
-1.000000000000000000e+00
8.444712189123656509e-01
1.000000000000000000e+00
-3.516066195557654983e-01
9.124765129781939321e-02
3.432602318526327412e-02
-1.031811095501777298e-01
1.000000000000000000e+00
1.872174909719016012e-01
-1.000000000000000000e+00
4.507779815424473036e-01
-2.321202285226868778e-01
8.338171356744332741e-01
3.969218483755792004e-01
5.014835563717052747e-01
-4.669994031796095291e-01
8.423446609363446358e-01
4.361917200325500232e-01
-8.039797196850292371e-01
1.440652099898865335e-01
-1.412708870447258735e-01
-3.505665388838554719e-01
-6.198579797512074885e-01
-4.570564777321805550e-01
-6.546482883250515084e-01
6.767361345734825839e-01
-6.359892414915424563e-01
-7.151172409356445492e-01
-3.956524034429156345e-01
-4.490039726531251385e-01
-3.872067583486296094e-01
1.288985829093288460e-01
1.654628055201150250e-01
-1.849226442036703000e-01
-8.632455378378764976e-01
1.000000000000000000e+00
-3.441504471359819739e-01
1.000000000000000000e+00
-2.774501996643066182e-01
-2.208642955422873144e-01
-2.791546574533999014e-01
1.559897036712674101e-01
4.773507917086981522e-01
-4.504767371542003906e-02
-2.388370242164345181e-01
-6.092155968966425084e-01
6.258693985769769874e-01
-3.481534505091440912e-01
-7.102662392452796514e-01
6.750275584846184840e-01
4.631838021218830370e-01
6.523862614092869050e-01
1.576450071049128321e-01
9.144651211039850347e-02
-4.508205793998116273e-01
-1.210362321682966480e-01
-5.542989487681952987e-01
-7.139129692144320360e-01
2.867164519085867447e-01
-2.127980277415040811e-01
7.948271872998703691e-02
2.706328805800820581e-01
-1.098927347049212383e-01
-1.714333722853371711e-01
-3.354564072284934029e-01
-2.571966089031960806e-02
-2.654407509894495254e-01
3.931215643407381943e-01
2.115776918843649268e-01
-5.622136065698857960e-02
-5.039778116924158446e-01
1.293516898179248864e-01
1.656380034345509844e-01
5.018001418880073672e-01
4.082804451336402574e-02
-4.175360666764514339e-01
-8.018034804786635661e-01
-1.487883075505373465e-01
1.000000000000000000e+00
-4.468618104766233223e-01
-4.618386964126770799e-02
7.297418501089312226e-01
-2.173187087616404445e-01
-2.517253744199149379e-01
-4.131349421669813782e-02
-6.670567967912857110e-01
2.196553141867101100e-01
8.387716521048757534e-02
2.189892614493704759e-01
-2.695131213555342908e-01
-2.335033239492285140e-01
4.532452292308863928e-03
-6.782114430123948878e-01
2.461021946035232277e-01
-8.069488216665535174e-02
-5.141542107501560765e-02
5.109360092422011723e-01
-1.216658929938495559e-01
2.423511781581820512e-01
-5.521345076575399080e-01
-2.217155882110948828e-01
1.000000000000000000e+00
-8.048291044957975870e-01
1.000000000000000000e+00
9.983564865946184530e-02
2.593744028464209372e-01
-1.000000000000000000e+00
9.330512269715296458e-01
2.422270026869680626e-01
1.902116584294988866e-01
-7.590989285534976982e-02
4.741666685058222586e-02
-2.269303093462440857e-02
2.867711979803818645e-01
2.061366679058577178e-01
-3.451408716189495463e-02
7.032944683585456991e-01
-2.681614732775297050e-01
1.474172485518905895e-01
-3.283378407717614245e-01
6.616039531307515986e-03
7.305912707235301395e-01
3.777539763379167415e-02
-1.511596352829538137e-01
5.446224357042519504e-01
1.610147414304427260e-01
-7.652108468703291422e-01
-3.452508296431597290e-01
2.489066821129871654e-01
-4.943829479193555254e-02
4.508780478170780759e-01
7.352307249496269348e-01
-6.775971593811264126e-01
-2.023982207082283824e-02
2.381821704997632017e-01
3.233145801510344808e-01
5.220108641465619481e-01
-6.717397817537291704e-01
2.949401713092201782e-01
7.316889552722467549e-01
-4.375806306791517053e-01
-4.995465956234863558e-01
-6.388235651754667899e-01
-2.397569543366219746e-01
4.865274092728886779e-01
4.803597187727894902e-01
7.484638997803687299e-02
3.878577792221308274e-01
3.621763468205383973e-01
-6.969117272164403465e-01
2.008821634650098664e-01
-1.000000000000000000e+00
2.189885642058676252e-01
-6.485308652751826664e-01
-2.087335117436877052e-01
6.957716073576964977e-01
-7.344146035156144947e-01
3.286558592318690186e-01
-6.616083003493288262e-01
-6.626750558018739135e-01
8.178044443548593279e-02
6.387128099115260138e-01
-1.179965430071939214e-01
1.871636999822098857e-02
5.320811359255109285e-02
-3.581965770230732815e-01
-2.410179238079672992e-01
-4.007882581166498648e-01
-1.102489299797882738e-01
4.112918010430142157e-01
-5.305375145218077515e-01
-9.699409394263903694e-01
5.874501344629556865e-02
6.564829204309674537e-01
4.194878301526299702e-01
4.606318693036559608e-01
5.440315906717129169e-01
1.000000000000000000e+00
5.288455267742045995e-01
-2.094326111738687435e-01
-6.147214670373607470e-02
1.000000000000000000e+00
9.244438156775122706e-02
-1.755402861726328423e-01
-4.323332095164273553e-02
7.626842751662898934e-01
2.732626731201041048e-01
-4.798103889535052513e-01
-1.000000000000000000e+00
-8.972690085483607803e-01
1.000000000000000000e+00
-6.167700608167078768e-02
-2.627632456504305769e-01
6.438459671177390042e-01
8.581787241343666328e-02
2.886259267721941191e-01
-2.880149972771679778e-02
-1.058814174448972911e-01
-1.000000000000000000e+00
4.230571658810162172e-01
7.956486179586748086e-01
3.801262434439952598e-01
-4.526932402545398304e-01
-6.872190851211276708e-02
-4.371925299254832420e-01
5.102649269448146230e-01
-3.346646586271663504e-02
-2.803905828449221316e-01
-5.530502599775372063e-01
3.716142618409105647e-01
1.000000000000000000e+00
4.468745070481741632e-02
3.811677123349639373e-01
-1.441366290826179286e-01
5.998023164660493123e-01
3.276854446357124195e-01
-8.230445394783443558e-02
4.747098196895923605e-01
-2.237515603502276962e-01
-6.729547591893574321e-01
3.019875569471637822e-01
2.629191231224548009e-01
4.863971322464957781e-01
3.151899396012494137e-01
-1.382728426614836248e-01
5.629585805721286640e-01
-1.000000000000000000e+00
-2.922413256318633357e-01
-2.451625851054912153e-01
-3.350769199354508565e-04
-8.326010213186013642e-02
5.974298087010084801e-01
-1.473701019744722007e-01
5.038205841481500080e-01
5.086193804908077931e-01
3.326045551957818036e-01
-1.678655779332174358e-01
-2.398007631495360781e-01
2.074168918080741830e-01
-4.534083686404302149e-01
-8.912088586525387379e-01
4.301960854397169909e-01
-4.468993950079760413e-01
5.889114843435947488e-01
1.323885726095504478e-01
-3.363444043278722428e-02
4.355162289076983106e-01
-6.999737616597492829e-02
-1.000000000000000000e+00
2.448570284319163126e-01
1.925050293424667713e-01
3.252738010400167412e-01
-5.326355777441097450e-01
-2.961434521550052046e-01
1.996248193041203767e-01
-4.257620464508881652e-01
8.134624829939136603e-01
6.125057113929394115e-01
-5.995053213958078525e-02
-1.279765518064650276e-01
-2.137236269390289378e-01
-1.558437460572227595e-01
-4.900490656165363279e-01
-2.488810733745764336e-01
3.841387994258503857e-01
-1.000000000000000000e+00
-7.780082784475392255e-02
-2.842569056518980952e-01
-2.871731803246588277e-01
7.581576881709449489e-02
4.204955411010964372e-01
4.392112731991570929e-01
-1.000000000000000000e+00
1.488295577056198138e-01
6.674798150920291384e-02
1.000000000000000000e+00
1.000000000000000000e+00
-1.472331420337884278e-01
2.364690117444483153e-01
-6.106982576337659230e-02
-1.734381869672706189e-01
-2.290767336617599015e-01
6.838240679483342799e-02
5.264381258393677765e-01
-4.544433342664517261e-01
5.273293649479718903e-01
-4.845107185732350219e-02
-1.000000000000000000e+00
4.140995191900284644e-02
-4.437364401303466876e-01
-4.456960930740396787e-01
-4.003812293928808996e-01
7.450648008823292923e-01
2.478951735610982476e-01
1.484548787224695965e-01
6.000524662628159422e-02
-6.652464331284413390e-01
-1.000000000000000000e+00
1.000000000000000000e+00
-1.346499455698161873e-01
-2.346009891303086348e-01
-1.027657494567125462e-01
4.362184915466990609e-01
-6.544786196861079874e-01
4.406831267617294934e-02
4.641532989190410574e-01
-3.583282475362294106e-02
-7.538261541686656075e-01
-1.600677108514423630e-01
-2.324214377434456746e-02
-1.385716526299044238e-01
-3.241016288945053891e-01
-6.640109651969163806e-01
1.066798253550862996e-02
-3.857612989406811188e-01
3.193666364736019725e-01
7.829992500689199053e-01
-5.363462651555082061e-01
4.174343668299883570e-01
1.000000000000000000e+00
-5.445306045326252509e-01
4.344200894138034452e-01
6.958513422596630804e-03
-4.263497533734269540e-01
1.169616343088474009e-01
1.000000000000000000e+00
1.000000000000000000e+00
-1.000000000000000000e+00
3.802146198654905440e-01
7.787581459337991618e-02
-1.726858587305686032e-01
7.315666565311638170e-01
-6.406684499042832881e-01
6.406597524091296458e-01
3.471451753798690532e-02
-3.752226191302166503e-01
1.710403297685864910e-01
6.132827464620931313e-01
-1.000000000000000000e+00
1.000000000000000000e+00
4.265685077429191563e-01
5.116566681464268518e-01
4.252161723908067653e-02
9.322809128649199584e-02
-3.801207233008748743e-01
-6.783085764010996499e-01
-2.298359705636649486e-01
5.155390470902203592e-01
3.488144571463730470e-01
-2.051835224805289570e-01
-1.010428992836814588e-01
-7.535238878318895051e-01
-7.625048364139836998e-01
1.000000000000000000e+00
3.030300220013172341e-01
-2.607152950077609166e-01
-6.228823506865527326e-01
-9.511305198984567610e-01
8.944171519452551733e-01
-2.549536128441428073e-01
3.445821960968044051e-01
-6.301200721627854551e-02
-4.427502243333966692e-01
-1.000000000000000000e+00
1.372862025324763091e-01
3.700868418709923890e-02
-5.002348554786206769e-03
-4.536689174101571909e-01
4.847702016625636823e-01
6.612579839334981058e-02
-3.028236879169963203e-01
-5.106293038945920459e-01
3.428119440807623763e-01
3.248612362002837317e-01
4.690475170455106479e-02
7.777643453677316465e-01
-2.915991043279749229e-01
8.770594644033861964e-02
5.628658153576634460e-01
-4.876705606577469432e-01
5.563904619756157022e-01
5.466484852061919142e-01
-5.140587147636600518e-01
5.554988639519171656e-01
1.388483580355914793e-01
7.618788754887855230e-01
-3.494140576501658657e-02
