1.4602005603365114
-2.876288708684926
0.11527248837743465
-2.097971358982857
1.3283912676848406
0.27448048610873305
2.4517698326293953
0.3902462479946034
4.893264582456256
-0.23552134479124087
0.11073239311993832
-0.7555086695007416
0.4934759662372069
-0.6599233102072947
-0.9589920130201741
-1.4026414315907045
-0.0678560249708465
-0.06868074096243953
0.67786516679524
1.602221144066518
-0.2670507840360783
-4.060418523614587
-0.2984033412869668
1.568180834292575
0.43214391680819575
-0.5360534796372294
0.9901819983366544
-2.9374530302048587
0.17114110742850813
-0.5057462384281743
-9.793739175261376
1.764379391404156
-3.993752422095662
-1.0566330436529736
-2.6301350436120465
-1.505656616333321
1.405483768583109
1.8334042280167715
1.2523537811331342
0.29406153207623426
1.6129879676150933
-1.6820694113059436
1.146887702605158
0.34322716182833646
-0.5751444200568969
-0.38438553205852355
0.4558076567445162
0.2831230100911737
2.3652389440258355
-0.3998575748725729
-1.691197925257577
0.5954735380375278
-0.22255999286672193
2.5789743242618393
-0.19881559271475818
-1.4419312930198411
0.9989045616760895
-1.1148456972598362
-1.2033202689115583
5.39460766851937
-1.3258588811373802
-0.5978518751732119
-0.6015490941394335
0.16502217479682846
2.3223041869686747
1.4764092588673021
-0.03347022547942735
0.9633159273808389
-2.647501667528732
-1.5463078348274388
1.743436903927593
-4.646378987891965
1.5679319168504529
-0.4420702457833164
-1.643214815922389
-1.023215470539542
0.5832279361531898
0.13500595675847693
1.362791354106197
1.5650930656012658
-0.3011098866007921
2.450855440859584
0.5882016921791102
-3.053571912894864
2.5981356841802326
-0.8624257338226401
0.8115350129329861
6.086109706012437
2.385187742722185
0.42493871268857014
0.2318471751484061
1.3092358242487239
2.2996046121612093
0.5417978732576912
1.9409081402060644
-0.6476123775542814
-1.2926636708561536
-5.5727697320552085
0.2587482124992333
-1.4742957513221162
3.387261066328487
1.0947252497940667
-3.503893248640425
-0.8144378555801213
0.648548207521053
-3.664072863399795
-0.7439637714400166
-1.4340818755228264
-3.6397245741601396
-0.174975934354001
-0.5264209098936706
-0.814985107737928
0.3792703943833728
-0.23589487817255364
-1.3624613861869403
0.6831386335364116
1.455182442549542
1.2595373568211625
-1.3000823563426123
-2.392039813750197
-0.17976555251553616
0.7332626207941344
0.3214852716022642
1.4261188406358924
-1.1485310845505987
-0.7232341335816215
-1.3250291178320683
0.8167818892835541
0.4095765555265778
-1.7267404350474143
-0.5482376595001721
-0.7111457061922613
1.3000824922659875
3.2458432438929607
0.06548293699745811
3.4653139643603277
-2.4582831965908376
0.3186393561108589
0.4524839908208449
-1.046109015065642
-2.7084190380579005
-2.1789296845455515
0.18498278868288018
0.28978338789714875
0.49910657869746256
-1.94158886548863
3.061101680951595
1.1245095194425891
0.8437824438440917
-1.8635993803564195
-1.3171572155256763
-3.6932455521247265
-1.9921992870608762
1.3161641471973178
-1.086507080644292
2.812925903670218
0.4336092296160916
1.3926234773056674
-0.5119707184115982
1.5471321360748171
1.249392525884497
-0.28949963771873133
0.07590513605968052
-0.41181478103607383
-1.1882843429477412
-0.8398982734870084
-0.03265602479342247
-0.13324794905736814
0.14423004666685535
1.5040061170317314
-1.2290528176179536
-3.7893162884375227
-0.8047352904534805
-0.3319347737600827
-0.11292302160193687
0.23455365376565449
-1.3536240644267459
-0.14122179313576594
0.6864152421152486
-0.6429549992907027
2.810002543682678
1.22821576641392
4.555608042608047
0.14138974946775862
0.6922525375934091
-0.20607108091630594
-0.7348986847426524
0.023247035262290994
2.4649258681111337
-2.5473116554153297e-05
-1.507853602555568
-0.6829818351914164
1.87417342498176
-1.0637230738354564
-0.8555862745753324
-0.8654889322785304
1.6474300514007225
-1.3673594052311078
-0.809049263911957
-1.3215235320759484
-0.2964317760374373
-1.3743890620055323
1.12717498727734
1.4836682550539397
4.9900772252511025
1.0827228532688098
-1.8864717345845088
-0.9312531625053823
0.5297929963715327
-0.2109604831008723
-6.162454783564019
1.6482956148540806
4.978453711179757
0.07222215325674475
-0.533896855048652
0.4610178298391316
-2.605963742327612
1.8606507037062325
-1.0504739442204065
6.3311142275764505
-0.005568882611806991
-1.7971932851271983
0.041397235451720915
2.296145157206496
1.804009115355259
0.8587535223425937
1.0961422358283506
0.41116841129074333
2.487695182088356
-0.07697697344584249
0.7796293741616996
-6.034876695285568
0.7207205619704209
0.5366193693016997
-3.4717535509844524
-0.947717536914622
-1.3028841316231636
1.186241486552206
0.6263365238527852
-2.2814913066203992
-1.26202618194691
0.7166130258285627
-1.4588879392691416
-0.20945080262327231
3.883031710438189
-0.8182187981693128
-1.696967247422473
-1.982028498995803
-3.86595378710438
-2.037032741797447
-0.7077532068137399
-1.6196311697597958
-0.008283327017807873
1.9926021485165608
-0.7487336696455057
0.5071368220261455
2.934116844078878
-2.110006569316327
0.8341770504481629
-0.034729929637315915
1.2175164299717587
-4.947361039689116
0.5812429920061286
-1.4004205939931067
0.5574607485552632
