4.135046483384813287e-01
4.074225805636615405e-01
5.963436577142405826e-01
1.365434095531823933e-01
-2.387064170580107392e-01
-2.073180309893171702e-01
-5.499861370976166786e-01
2.674157040419240516e-01
1.587844230163821257e-01
2.589155248949339128e-01
2.538896364032959541e-02
-2.209654047608848870e-01
-4.252666630856352104e-01
6.971459514615226116e-02
-2.669195682661358315e-01
1.551593418117436229e-01
-2.140360615314300108e-01
5.506909567130333638e-01
1.515040238947830131e-01
-3.820074477727948281e-01
-2.012240854680245050e-01
3.579044370726658930e-01
1.561379460028446131e-01
-4.311302831696715021e-01
-2.294516610863983064e-01
-2.663498335349532287e-01
1.226769812959030981e-01
1.518561213751232208e-01
-1.603097838205170822e-01
-3.860141714801208490e-01
-2.028662021768315449e-01
2.643428287381078823e-01
-1.943928262663277284e-01
-4.361481470844991160e-01
-1.000000000000000000e+00
4.703390234594802266e-02
3.064865070822304638e-01
-1.187463832812423944e-02
-2.640249012084560642e-01
2.545151405372763076e-01
2.217466030057405613e-01
2.259598731012877337e-01
2.251952704717392617e-01
-1.232281589685919054e-01
-4.338110492201907586e-01
-5.103331766319346707e-01
4.194955024449174008e-01
3.326386647504415706e-01
-3.467951066564184948e-01
-2.160645196970812920e-01
4.149853107259909857e-02
-1.621092540723257924e-01
1.896251843445188184e-02
-2.171338418510800894e-01
-4.784123101926077148e-02
-3.526033877418723317e-01
-3.345499471897905308e-01
-3.835127133568624336e-01
2.793885185700213380e-01
-8.035575297905198089e-02
6.107204639103698540e-02
-1.000000000000000000e+00
7.849965758518970826e-01
-8.541611036391144607e-02
-1.763004545730710582e-02
1.005408456365548542e-01
-9.150760020633075253e-01
1.109886013585510839e-01
-3.757575841775794290e-01
-2.154089941712011569e-01
-1.723145815493843380e-01
-1.813945374500161856e-01
-1.207721783427864182e-01
1.249165713350642581e-01
-7.658623273022437117e-02
-4.104728167006849171e-01
2.810318924895669271e-02
-1.000000000000000000e+00
1.871757460174797438e-01
1.131717376834595612e-03
1.061422317033344220e-01
1.007800224755001917e-01
-7.026565928657799720e-01
2.899104918681250642e-01
-1.443756515592686807e-01
-9.333408056153791321e-01
-1.836548089429477226e-01
-2.268940729248436483e-01
-3.367469409614813891e-01
7.434109911036509977e-02
-6.786739817036812061e-01
-2.874829621601832433e-02
-6.459463007102982379e-01
3.924299757653929577e-01
3.520978123955054717e-01
1.473843343846534537e-01
3.315995949288349509e-01
-6.406534381165023273e-01
1.040677383230294573e-01
3.471522286813063518e-01
6.843432260616995055e-01
-1.235042669090859607e-01
-1.458541032118984282e-01
-2.646053665963740142e-01
-3.264332217451807461e-01
2.544266831644259597e-02
-7.705560618617905977e-01
1.972905338491618976e-01
1.212303610001247839e-01
-4.628097708418366096e-01
-3.651238280709374617e-01
-2.954256512209911256e-01
1.111322701891606646e-02
2.585897675937445239e-01
1.739312053271550584e-01
-5.077266191410745311e-01
1.138619608317771870e-01
1.503863102398716178e-01
-6.652390762794020418e-01
1.631248184364108011e-01
4.654566093681721251e-01
1.681920573685384279e-01
4.018301690992781561e-02
-2.954634576505503762e-01
1.000000000000000000e+00
2.156206091949793291e-01
9.944142663432756213e-02
4.390682557250713547e-01
-3.242873416408635912e-01
-5.413875224035564759e-01
-2.809716463139260156e-01
-1.000000000000000000e+00
2.225999696583624843e-02
2.055570167416126137e-01
-4.117609682648801922e-02
-3.595561589264471142e-02
2.377454083548379005e-01
2.920489192250381172e-01
2.779683289066300911e-01
-3.499806147665749934e-01
-3.031619335752080979e-02
8.767794862574584958e-02
1.870682531197050413e-01
-1.177477440723543115e-02
-1.000000000000000000e+00
-5.205285443313510674e-02
1.000000000000000000e+00
5.738709028427234626e-01
-1.469854010186888993e-01
3.311186835774613813e-01
4.840692238667594349e-01
-7.111557958778265132e-01
5.750054417883292412e-01
4.266878712341576341e-03
-3.102070812985903703e-01
1.617273321022973387e-01
2.135496086630445656e-01
-1.645999436646872205e-02
4.393895473029121868e-01
1.372155860296747631e-01
5.147094316560288929e-01
-2.674961385834465771e-02
-1.000000000000000000e+00
-9.329683356246461223e-02
-7.854653013850321219e-01
7.923651914659455286e-01
4.347872050353376872e-02
8.216454059579356151e-02
3.353281959277500945e-01
-1.280647431836482719e-01
6.515149596958752509e-02
3.977535367320851611e-02
-4.984146153664971435e-02
1.336154353382900395e-01
-2.234603867864856652e-02
3.207441393339260927e-01
-9.057827943560980977e-01
3.171136605884732340e-01
-2.185274930173251029e-01
1.847591031592879518e-02
3.575995704812905407e-01
-1.640514600992971361e-01
-1.919732829120675832e-01
-8.954705850898942998e-01
6.621898138815356383e-01
-1.101170154525075440e-01
3.062902690343464185e-01
1.916549049828327467e-01
1.084273515898192541e-01
9.423265759808510666e-02
1.000000000000000000e+00
1.563267627787747194e-01
8.070010234355370349e-01
4.628456193340613894e-02
6.543201889268759897e-02
9.023918583905074509e-02
2.897894951366278282e-01
1.415332687090679609e-01
7.807785269347362611e-01
-4.242612995064645176e-01
-1.252620332445517626e-01
4.534874403125168096e-01
-1.758294798629353450e-01
-1.716335872734827406e-01
-6.138375588790809245e-04
-1.000000000000000000e+00
2.484553410331986067e-01
3.144852893390500670e-01
4.575521537605628519e-02
-5.271648094414074226e-01
-5.296380522648880262e-01
-5.963342702396495776e-02
-1.636375433762876641e-01
-5.543811015577557733e-01
-4.798309294359675570e-01
1.994762919704722304e-01
1.650109163228031806e-01
3.204682524725109283e-01
-1.447182746115874274e-01
-3.982982931800562176e-01
7.275457503843787421e-01
3.138820269262644902e-01
3.386415444902041161e-01
-1.483605067362215313e-01
-1.300052876157010984e-01
-4.528129790312310221e-02
-1.000000000000000000e+00
-3.613206874287579196e-02
-2.491232758475775966e-01
-1.873664319528480227e-01
-6.213644604877123501e-02
3.868010327745042831e-01
-8.048099780719155660e-01
2.366840985356784555e-01
-1.505934431682942609e-02
3.177443092822784809e-01
2.559539853390797176e-02
2.206595373199698173e-01
-3.838917792467025358e-01
-4.229626529863298456e-01
-4.334544438265721666e-01
1.338173254357073183e-01
3.806892792852721863e-01
2.048466773748643943e-01
4.344069962015892905e-01
-4.064015580554237728e-01
-1.000000000000000000e+00
1.730979286349793589e-01
-7.592658254265398643e-01
-1.895860848138415933e-01
-5.168629875476932201e-01
-2.573716767767120217e-01
-2.751023487847894522e-01
1.831725588070364785e-01
2.084585395601066260e-01
4.227993056736739641e-01
-1.358228516109531714e-01
4.333706955894395252e-01
-2.596004275998049504e-01
1.474074777824814775e-01
-5.463522424877915729e-01
6.664386895747583806e-01
1.000000000000000000e+00
4.738184951519318067e-01
2.387442275797541646e-01
-5.691480475128388172e-02
4.638159202322638675e-01
-3.143236594995728606e-01
-2.780432206217501312e-01
1.054820050167723511e-01
4.432955562499176771e-01
-3.975783111764788491e-02
-1.849990506374476762e-01
-1.822461905102372992e-01
3.011187689580643867e-01
3.501653596800055612e-01
-5.462780464113227152e-01
-3.678579946738108064e-01
4.759974255755105021e-01
-1.164872069423061596e-01
2.732156751425526275e-01
-2.532431224295647251e-02
-1.651058338157362082e-01
7.737692274030604223e-01
-1.000000000000000000e+00
2.993230693335280357e-01
1.972650668332101564e-01
-5.928319410818817525e-01
1.304795578376412302e-01
-1.721764792544404066e-01
3.524101969881234253e-01
5.593873712359053174e-01
9.352683529296565434e-02
-2.386140555185213563e-02
-6.769741570402199038e-01
-2.250550772961847634e-01
2.294547670607821055e-01
-2.395040534409864086e-01
-1.268389419186535250e-01
-1.000000000000000000e+00
-2.129901543201759007e-01
-1.453369520959387762e-01
1.799342296043318634e-01
6.118459333889166851e-01
-2.248661440271844947e-01
5.496479458232630400e-01
-1.278370201662580585e-02
1.000000000000000000e+00
1.476076704608428047e-01
4.083017964414541456e-01
1.629451907625814600e-02
2.239079610964438971e-01
-7.147478816162132487e-02
5.307905320877140953e-01
-2.731757470231307994e-01
3.604958301181759861e-02
-3.866443267799650751e-01
-6.845184308856468169e-02
-4.743623785569185403e-01
3.872497561289061085e-01
-1.358209662593398426e-01
3.354762684547787921e-01
-1.382390099355882973e-01
-3.902283258314367953e-01
-2.661409462273499615e-01
-4.513403503051143240e-01
-2.171983167050444974e-01
9.523075515838558269e-03
-3.306190081601420583e-02
-4.913924648131285516e-02
-8.218430904123186220e-01
-1.415563539706760077e-01
3.294186239847792241e-01
-1.169811907849590965e-01
-3.914808044450895919e-01
-3.319827574546183047e-02
5.338977114085752262e-01
-3.874938698131366599e-02
1.594961423324766092e-01
2.810551948194972560e-01
3.590392871702544619e-01
-6.078884450028303466e-01
1.000000000000000000e+00
-4.605561634089580525e-03
-2.908769585542765324e-01
-4.115578824295860749e-01
1.891249855242519984e-01
5.038544024617577222e-01
1.000000000000000000e+00
-1.214005229839693056e-02
-2.235535830190221451e-01
2.680862477498994201e-01
-3.084909150353162821e-02
-2.184627771399172760e-02
1.843053578563427219e-01
-3.849254566738218031e-02
-3.648753456766645753e-01
5.611551342803905440e-02
-3.590230094196263932e-01
-1.427416935290599653e-01
7.899388296244820307e-01
-1.398890034993248432e-02
-2.113591878009862535e-01
4.617190381268440058e-01
2.167695459835504712e-01
1.214059104868699390e-01
5.047479341900040772e-01
-1.164263116926517044e-01
5.398116009237500235e-01
4.992713072558878362e-02
-1.602990863198679450e-01
-3.749967583205918165e-01
5.052663423506030815e-01
3.599702157678765779e-01
3.346775090090231553e-02
1.995135689955360447e-01
-4.021888233586800032e-01
5.651173362230844655e-01
-2.164352323837080705e-01
3.140390750859956559e-01
2.445814921739747350e-02
8.920927349443985577e-02
-2.781576033972529838e-01
-2.214910008447468770e-01
4.867422808781955712e-02
-3.879881171348324997e-01
-1.126321685464506811e-01
1.934052006906607502e-01
4.203898170269103618e-01
-3.355654935045587761e-01
5.503188486630916643e-01
1.014160208203895297e-01
6.255185190061223199e-01
5.168984614997464977e-01
5.197288870175978959e-01
-3.246571930283711493e-01
-1.144722980772101273e-01
1.760753359736509926e-01
3.076476091492207354e-01
5.034388087377146270e-01
2.473712789344681418e-02
1.680328442348319462e-02
1.322209567714883460e-01
9.730842203222826725e-02
-1.325385499622556973e-01
1.414504495386381122e-01
-9.512561571025748841e-02
5.708492170764707385e-01
-1.000000000000000000e+00
-4.746815781301011450e-02
2.600218144092655281e-01
-5.074307984157753193e-01
-6.272913997938623920e-01
-4.337448302744484341e-01
7.375209583070063690e-02
5.665195932388271682e-01
-2.282065259481973474e-01
-5.895069423297715633e-02
-4.905581054245024553e-01
-2.321822886955344223e-01
-3.612692860655470350e-01
1.000000000000000000e+00
2.929115943130135014e-01
1.185670654435787563e-01
1.810186488452166786e-01
-1.000000000000000000e+00
-4.571396054279807109e-01
-1.000000000000000000e+00
-4.762359211371862688e-01
3.134738236400551603e-01
1.002342511450790008e-01
1.173107786906869149e-01
-4.174017548779225262e-01
-1.305391717382563543e-01
3.475296512496524604e-01
-2.465530548707354774e-01
1.720715901540213755e-01
2.252897657379727969e-01
-4.036090557511192722e-01
-8.371087357620721203e-02
1.000000000000000000e+00
-5.140407628790003014e-02
1.137291442709848499e-01
1.000000000000000000e+00
7.234231583114595354e-01
5.579299858632229547e-01
5.663929697927074791e-01
-9.271787286960825325e-02
-2.892796709537844846e-01
4.085813672196169088e-01
2.952472224667006540e-01
7.301077774117104013e-01
-6.052891066487363358e-02
-1.000000000000000000e+00
4.591841835380382486e-01
-1.398509405852460252e-01
3.266939035311415829e-01
-3.836003139786169358e-01
-1.502768616697022774e-01
-2.896958812776310732e-01
-2.431335675460708778e-01
1.583510343212189142e-01
3.579706621781382214e-01
-1.830312350038123398e-02
-4.627637419964807097e-02
4.641984413619394401e-01
-1.726546222878992676e-01
5.531823573863348109e-01
5.982058406031927067e-01
-2.039905553006001182e-01
3.278534840654256377e-01
1.361202322096369266e-01
1.330815920381947237e-01
-1.579609356072981252e-01
-5.369228475497903608e-01
-4.096077825834758546e-01
-2.733985187484433421e-01
-2.661471208120101961e-01
-1.571839900635529086e-01
-2.947982000062413510e-01
-2.109646602879828581e-01
-3.774072661878165036e-01
-3.605000561621524158e-03
1.854894261171992631e-01
1.144108008942233967e-01
1.000000000000000000e+00
-1.348886813311117872e-01
5.874829039740107062e-01
-1.772487505967896004e-01
-4.931805848555013139e-01
1.000000000000000000e+00
1.753075901555651572e-01
-1.657375434507493694e-01
-2.756244381518691694e-02
-9.172519432160074204e-02
1.384770531977111419e-02
-9.038842311017245001e-02
3.626086671035442244e-01
1.000000000000000000e+00
2.899293782445869650e-03
4.436775596712625447e-01
6.043000144299607301e-01
-2.509700283462324988e-01
-5.709543363076342581e-01
2.091695035308326622e-01
6.814551806714628235e-01
-1.000000000000000000e+00
1.352333654856499867e-01
4.713088576802568763e-01
-7.747444511097265618e-01
3.117583310926562712e-01
9.020719567731207977e-01
7.845408935787601123e-01
-2.346010878073746531e-01
1.146181799616872027e-01
-7.879340449968036397e-02
1.000000000000000000e+00
-2.110051950084824990e-01
4.638827155491366538e-02
3.244162476236561732e-01
-8.017101756440392357e-02
4.490359018466718588e-01
-2.471409688330359344e-01
-7.290898270081829224e-01
1.321704636590052828e-02
3.316735590677365453e-01
4.279589751600829800e-02
3.042641529774596509e-02
-5.707241745176976355e-01
-1.000000000000000000e+00
-1.826895536686892196e-01
-8.256854819677135193e-01
-1.000000000000000000e+00
-4.471485692259788980e-01
-1.000000000000000000e+00
4.390813398687893332e-01
-1.000000000000000000e+00
5.651094107553601698e-02
-1.000000000000000000e+00
-7.391820445213391488e-02
-4.663088165349776881e-01
4.902996512139407015e-03
6.634085907195795828e-01
-1.002201142870898232e-01
-2.205991816572653030e-01
7.661330763742123240e-02
-7.239642361991674435e-02
-3.354766612075089083e-01
-4.315941022397320470e-01
-3.271786120240767759e-01
-3.267272472541820072e-01
2.147892810245864703e-02
1.000000000000000000e+00
5.079492721825433765e-01
-1.143445781299596287e-01
1.330788048897912912e-02
3.814169467014821846e-02
-1.000000000000000000e+00
-2.140902743550102127e-02
-5.329550972924894658e-01
-3.787809170439515594e-01
1.494795328353009656e-01
1.911029969758280822e-01
-1.764897218586804206e-01
-2.890306461622627054e-02
6.467401421840197895e-02
-6.938718919038997512e-01
5.144608794989191658e-01
1.903723051873069949e-01
-4.561337700850773280e-02
-6.311402760640758558e-01
2.659939197141413247e-01
7.466870572670467610e-01
3.675661517862838235e-02
-1.916468371452196839e-01
1.000000000000000000e+00
2.412341795489021667e-01
3.224855129545143861e-01
-8.792820808546819578e-01
-1.000000000000000000e+00
2.152498700613383609e-01
-2.611819412844751387e-01
-5.102587760011202400e-01
-1.000000000000000000e+00
-3.419379638305505842e-02
2.596618296551620464e-01
-1.947977865428904276e-01
2.958750691099248931e-02
-4.357847828991557870e-01
-1.038560812511263032e-01
-1.044693047008503628e-01
-3.668981643657476255e-03
-9.347502293272205720e-02
-3.516621590805253939e-01
-5.119827022870950817e-01
2.229877113903511177e-02
-1.000000000000000000e+00
-1.562367439779815959e-01
1.721885700704718913e-01
-4.854354130224539654e-01
9.779418245620750128e-01
-3.397892933990304121e-02
2.135914392285829244e-01
-7.250197452929156849e-01
-4.928708766343006809e-03
-2.074330340737888800e-01
2.131738933727693464e-01
3.012514172269417645e-01
-6.609050875891114840e-01
1.450055147067363936e-03
1.097412941459023072e-01
2.952437746322225109e-01
-6.225421293923578681e-01
1.105776088490872389e-01
-1.300174597829762413e-01
-2.438068382173582405e-01
3.592769950636530152e-01
-2.346599862191511843e-02
4.270773364924058263e-02
7.179865617284689749e-01
2.315911447055320760e-01
7.502310020866738149e-01
-2.209369904422197883e-01
-4.111499539190072716e-01
-2.199429352221601297e-01
3.611687729878197972e-01
-1.000000000000000000e+00
2.167969367739432940e-01
6.792784465272640182e-02
-1.565129466960726023e-01
1.073116682633254576e-01
-3.074497534563465639e-01
-1.000000000000000000e+00
-2.838655528667040628e-01
-1.200209538803898579e-01
3.111229263876293394e-01
4.386180149310991983e-01
5.033579118965711974e-01
-2.710315974294917607e-02
-3.943877952430457912e-02
6.216839003019903886e-01
4.820387207560500320e-01
4.713692416716208089e-01
1.524625789724958769e-01
-6.768899585829195320e-02
6.409043808038451528e-01
-7.006697123030863894e-02
-4.976793957534854096e-01
-9.173095607615244784e-02
2.133564871646215777e-01
6.615676090980677770e-01
-1.718187241779077501e-01
-5.362568594622535434e-01
-4.384846866384828346e-01
-1.000000000000000000e+00
1.954993659526396699e-01
-2.679088540705969468e-01
-1.000000000000000000e+00
5.320254765764886873e-02
-4.316755732224001330e-01
-2.733089795690717971e-01
1.651180117322488816e-01
-1.598734025513376955e-01
2.165506224626080611e-01
-2.534858822081064167e-01
-1.372722637940512191e-01
2.804243947932529846e-01
-4.382031932827323839e-01
1.277897366224119979e-01
1.462866512282352260e-01
1.849487705421903605e-01
1.881278208458100898e-01
2.407114986739016804e-01
-1.000000000000000000e+00
-1.572424183380863871e-01
-2.955905784991114116e-02
3.426469502114005139e-01
1.036178995210880749e-01
-3.763244628784527257e-01
4.404414256259674421e-01
8.445421242928938810e-01
-3.845399189404464790e-01
2.392408564349183253e-01
-2.113671512996088686e-01
-9.420349384670967385e-02
9.579584927143128814e-01
3.479739318386810831e-01
1.856423177959619364e-01
-5.758220126210998602e-02
-4.160040258762318643e-01
3.298128698191143959e-02
-2.429892329999984169e-01
5.710303074874722301e-02
-9.497353774970662688e-02
1.000000000000000000e+00
-3.348376114846022267e-01
6.056307490006829219e-01
-8.985584366026108660e-02
3.848033255248496376e-01
-1.715377769363243821e-01
3.614572189798018198e-02
2.187682732713064349e-01
4.302845336409903965e-01
-3.477118089151218228e-02
-4.039127130632388929e-01
2.936799795009040204e-01
1.000000000000000000e+00
5.734270819109721362e-02
-1.006520462603829325e-01
1.250921326580117787e-01
-5.014207707413829151e-01
-2.598972968172099662e-01
-1.821232644203494566e-01
-7.899315093502479179e-01
-9.835021671077463778e-02
1.291359323541801940e-02
3.561867203270427940e-01
3.069637419575726445e-01
-9.796456096329811403e-02
7.773257009943405904e-02
2.410255575799959693e-01
6.333252721961692977e-01
-3.672099635562953157e-01
-5.968724334119951402e-01
1.879619600202786789e-01
6.195534975528820265e-01
-4.206482736542178635e-01
-1.013931659809322455e-01
4.979249874980496982e-01
3.997945085198877369e-01
3.202998318238289843e-02
2.893221823789765557e-02
-8.058709189714243770e-01
-7.514871616936980026e-03
1.950426182155698962e-01
-3.523264570056335379e-03
1.073361910474580350e-01
6.871003133380647609e-01
-2.933912134398549143e-01
-3.942126613378708067e-01
3.511321164370823089e-01
4.570115419912865740e-01
-6.876392349794072101e-02
-1.000000000000000000e+00
7.015281536226858350e-02
1.000000000000000000e+00
2.838467119008199480e-01
-9.598601426096400324e-01
-1.151646957437860996e-01
1.099885646976637155e-01
-2.616081988807478775e-01
4.835324508963689261e-01
-3.163084700890718692e-01
-1.000000000000000000e+00
8.753876792295709475e-01
-2.947000543918733007e-01
-2.056877549720466658e-01
4.180349924060492994e-01
1.126808800329439086e-01
-5.554695467592403180e-01
1.082360286041528785e-01
-1.117135556979789723e-01
-5.345321558665118433e-02
8.134109695209573720e-02
-3.974541170619308450e-02
6.824743735601057626e-02
6.990026136817593105e-01
-2.054627746690192158e-01
-5.509477572084381380e-01
-6.119966286985121240e-01
-1.463980875903039269e-01
-6.534633166306949570e-02
1.842287612904600358e-01
3.799554842803306576e-01
1.691746026568251848e-01
-1.610955903756405572e-01
-2.907026267614259973e-01
-5.989039259572714879e-02
-1.835185452833653086e-01
6.975277182231323092e-01
-7.887571740098714423e-02
-1.027680403100023482e-01
-3.792700399911476117e-01
1.000000000000000000e+00
5.494887950265324728e-01
-7.199894180258947785e-02
-3.007004083628861402e-01
2.383441823591185560e-02
-4.282468244473796037e-01
-5.958482703925794821e-01
1.643280977006719712e-01
-9.053370841408170389e-02
-6.239971173273937965e-02
-3.388179797416094319e-01
-1.000000000000000000e+00
-2.367797508374534787e-03
7.528033591654592627e-02
-6.554250198698541308e-02
-5.051425709134322872e-01
-1.948026572840659831e-01
-5.351084023407812196e-02
2.536630261330448111e-01
7.017023442144245671e-01
5.249121786279367097e-01
-7.413154730281239502e-01
1.918085059862003061e-01
1.767538535447115144e-01
-3.422548575486155098e-01
-3.367316836543039482e-01
3.107319497538940656e-01
-5.707338198581257682e-01
-7.324798536867553889e-01
4.294143604793364544e-01
-7.376126054335339077e-01
1.435391857059642451e-02
-7.471024964335813701e-02
-9.514531829560976539e-02
1.592479135256938960e-01
2.734523067758800607e-01
1.074267039941156354e-01
-5.455777166164494929e-01
-9.418734309552120876e-02
-7.116903004524541276e-02
1.662835677180147798e-01
-5.164676505055428857e-01
3.699975368169613477e-01
5.318883154509589095e-03
-3.034766696700975652e-01
-3.037319378943141857e-01
-1.000000000000000000e+00
-1.249430283376739281e-01
1.096353751824660772e-01
-1.199239404250841967e-01
2.342081253068819258e-01
3.096922490319785060e-01
-6.414660956313535944e-01
2.840266758300930006e-01
-5.745212996386682702e-01
1.065735162357899779e-01
2.234878795212207059e-01
1.558384833526706426e-01
7.416310438490378298e-02
4.787141439359324235e-02
-2.054386561977894488e-01
4.021551631137506577e-01
-8.163359216476386848e-01
1.737801482655916829e-01
-6.591206057956983111e-01
1.771054825089380669e-01
-1.599228204111463880e-01
9.267380655212759111e-02
1.000000000000000000e+00
-5.846239006218751505e-02
1.000000000000000000e+00
-3.638598304990496857e-01
-2.023790277484524280e-01
-5.213953065636570683e-01
1.000000000000000000e+00
-3.060969909463560068e-01
8.127876992097239628e-02
1.000000000000000000e+00
-4.756833950263162358e-01
9.857618523330669014e-04
-1.703240180498860057e-01
9.081506376032487671e-01
4.585833847442303268e-01
-1.108668231399808218e-01
-1.249773059742060599e-01
2.212740067038649061e-01
-5.036231810090934236e-01
1.034454356044229861e-01
-1.000000000000000000e+00
3.186917987241077999e-01
3.997956571959054850e-01
6.199572147815290979e-01
-1.692375140652137289e-01
6.581158105224195198e-01
1.821855411448804751e-01
-1.166684333051643541e-01
-1.794839101719451768e-01
6.223618717452051863e-01
-9.378743971298106885e-01
5.037231557598773612e-01
-1.000000000000000000e+00
9.314404941317802611e-02
3.672786641419816811e-01
5.818446910786390092e-02
-1.682014912804536966e-01
-1.652748017169741179e-01
3.031381009976323870e-01
-7.344984872654219954e-01
-9.287003131750218299e-02
3.733645357224493200e-01
-1.655362198193678358e-01
-3.720788708790440102e-01
-7.661064119191456356e-01
-1.737597338145762393e-01
-3.275731711967093396e-02
8.417970449040105274e-01
-9.190825885563046194e-02
4.231079385224326694e-01
1.317928711652668616e-01
-3.877550824609207053e-02
3.388637414639831258e-01
-2.052005400564159698e-01
4.843845945443796264e-02
-7.667390169009583589e-01
-3.313893344386086293e-01
-4.455607369094188863e-02
-6.587586006500678604e-02
2.025671254779896902e-02
-5.461593402432176614e-01
-1.432572527363740744e-01
-1.000000000000000000e+00
-2.557237192505333878e-01
1.621338359406573060e-01
-6.489124631426229639e-03
5.673632765113668652e-01
5.749964843794882485e-01
-6.283671514416655501e-01
-9.038056567081687032e-02
4.790254785159266115e-02
4.531132755819954339e-01
-7.261372987638554655e-01
4.921872106346501796e-02
4.406131951009756298e-02
2.160670316187622286e-01
-2.084834213640055500e-01
2.666889760836422055e-02
-6.661098843800848934e-01
-6.026252385405071743e-02
2.283815083938263990e-01
1.000000000000000000e+00
4.551313234510868944e-02
-4.566136123218861309e-01
-7.044110530410755411e-01
2.347557410819506307e-01
-4.079390486586965681e-01
9.735194463293414535e-02
-6.361606183576118401e-05
5.214157880792710253e-01
-9.183183414311035797e-01
-4.503009867607592476e-01
-1.000000000000000000e+00
6.720818072560721390e-01
1.907508842352075296e-01
1.931857116630922855e-01
-3.794511620185256895e-01
-4.579155758653307706e-01
7.852117116205761249e-01
-2.253364568681030522e-01
2.156287810760768586e-01
-5.497171782625139835e-01
9.772669868304846297e-01
1.427407272804308846e-01
3.168138058593510109e-02
-6.326501881906690383e-02
2.912460170736509979e-01
2.585292611864161705e-01
2.172802947163931520e-01
1.956769145011294508e-01
-2.898091002339194810e-01
5.066454870125152166e-01
5.498966697877738508e-01
1.402034520245497851e-01
-2.608801333988933213e-01
2.454479426499889261e-01
4.350485627850567694e-01
-1.332454906726311950e-01
2.737939511459781539e-01
-6.173343290536318362e-01
-6.290108493339356954e-01
5.993970709955478426e-01
-6.519555342738354853e-02
3.721589342142626600e-01
1.743693602762704797e-01
-6.843453399533379056e-01
4.201043492754782949e-02
-6.178935033921966191e-01
3.026011125970052423e-02
7.621939265517150286e-01
-5.923466347689998468e-01
-2.578313508119124409e-01
-2.739811963880228740e-02
-8.902764952850833469e-02
6.214468401790768093e-04
-4.651370973360198779e-01
1.255544125243879261e-01
-3.509224388500405967e-01
-3.862322062764549369e-01
4.889412657196668954e-01
-6.893557833259515988e-01
9.438844610324208240e-02
-1.820507036774324794e-01
-3.191017755936536582e-01
8.960849139168719502e-02
-6.689229936531153609e-01
2.402597018733577394e-01
1.000000000000000000e+00
9.005511080912123600e-02
-5.440349670377824659e-02
9.751987428630398691e-02
6.276578102810185245e-01
-1.084112133400979006e-01
2.241429383504662809e-01
1.667534687868602872e-01
-4.352073786261670407e-02
4.025324296459510398e-01
-1.781744975322729074e-01
-1.000000000000000000e+00
-9.940559986500391298e-02
-3.087536379228598138e-01
3.855647243772555299e-01
-1.015259973138610411e-01
7.951104129360751782e-02
8.520755227417488031e-01
-6.411246365749330434e-02
-5.181050679092452649e-01
-4.022687453019302417e-02
1.068330488699490433e-01
5.242295789523928606e-01
-1.600490392099815640e-01
-4.342689673676233819e-02
-3.186542893206083527e-01
3.698497901101990282e-01
2.581600491123151042e-02
1.752849484101985100e-01
-1.585849638393732053e-01
3.106653657372459021e-01
-2.869503581311150797e-01
-5.258448456105643820e-02
1.895954949571096448e-02
-3.550388735529800832e-01
9.800758072265136622e-02
-7.840734738093185774e-03
-7.450134691120230412e-02
-3.003639874159679812e-01
-3.289686235130536707e-01
9.662383628189438745e-02
5.329732324808376109e-01
-2.406098728233213579e-01
5.254177738021962307e-01
-3.996738250086890876e-01
1.000000000000000000e+00
-5.549909501480514429e-01
6.920367811624934529e-01
-1.910224075513415054e-01
-3.658955453361542598e-01
-3.398195107136553483e-01
-6.578929895593577104e-02
-4.468745868221301043e-01
-9.912355247585163953e-02
5.425363221774757161e-01
-2.475695839848030821e-01
-2.134199906275590641e-01
-4.064064116056594345e-01
-3.362098623851983992e-01
1.990927268707460840e-01
-2.949934372297178253e-01
3.816311187946539452e-01
-2.021425011836422425e-01
-5.882882413424455059e-01
-1.274090870727669078e-01
5.630462320164573153e-01
1.000000000000000000e+00
1.763149849907390543e-01
-4.498961779225084112e-01
7.432757185525868948e-01
-3.254589771697598000e-01
-8.707691868960143466e-03
2.805448602607069075e-02
3.798493340032592092e-01
-1.271943705798652680e-01
4.896923707358427080e-01
9.759036604583742891e-01
3.051775423040765656e-01
4.126771690444823448e-02
7.339580072073494943e-01
8.552979390623373368e-02
-3.333622307154769371e-01
-1.603954475751017683e-01
4.284363567915538962e-01
6.160361371780086470e-01
-1.604020158009770158e-01
-1.222815091567655554e-01
6.737690434302482378e-01
-1.128241519912045465e-01
4.887431501051097554e-02
-3.557590245662115014e-01
-3.973469226242525298e-01
5.884963470139240038e-02
2.652670571729681681e-02
-2.942571327196288333e-01
1.991016937067398851e-01
5.731265505158578827e-02
-7.215948105428897641e-01
9.346365320452654224e-02
-1.796479422538711512e-01
6.661070452857419388e-01
-2.671377477369726305e-01
2.076422825643049752e-01
1.020922984706040954e-01
2.901154568940122469e-01
-1.476784433877312841e-01
3.929713762078788086e-01
-4.579820282177497481e-01
-4.867562737858691091e-02
3.332061937788028394e-01
1.000000000000000000e+00
-1.738199952087514100e-01
1.000000000000000000e+00
-2.154809043676684244e-01
-1.785538884211789606e-02
4.997306607607128193e-01
5.050226728799574877e-02
-2.620947291924777822e-01
-5.897582849391327375e-01
-1.816925886055597017e-01
5.678423380073783777e-01
5.385480221265599374e-03
-1.000000000000000000e+00
-1.643733835683363620e-01
1.000000000000000000e+00
1.000000000000000000e+00
-2.588834752953791951e-01
8.524535699516049281e-01
-5.890750345946628164e-01
2.829714379352745723e-01
-1.187022517188108250e-01
-3.672843539578791172e-01
-5.044678266827208324e-01
2.928021203447080389e-01
-1.948092260219593252e-01
-2.329864329992304417e-01
-8.805166045740229208e-01
-1.092019415866556098e-01
-8.368003566046773589e-02
3.336324945430406141e-01
-5.263117710043508923e-01
1.612486705123351016e-01
-3.826850149824644887e-01
5.962262577248045314e-02
1.439836063912874331e-01
-1.308341630899250707e-01
-5.123987009900047296e-01
1.000000000000000000e+00
-1.037878097496091057e-01
1.122749324185754738e-01
1.574836118363044102e-01
-5.658612675748330156e-01
6.075544502968925897e-01
3.628268634373004176e-01
-3.453605563999451178e-01
1.556035092597455455e-02
1.002561267669716816e-01
-3.901537251726460709e-01
2.251279291684494255e-01
3.453072861086821654e-01
4.272794328515830409e-01
1.879553527684337810e-01
3.711252138235758835e-01
-5.481206527481278235e-01
-2.201667080030176304e-01
3.044456289845660080e-01
1.561151288939224835e-02
-1.466317411973039331e-01
-4.978680337173684300e-01
1.000000000000000000e+00
3.742666074341488569e-02
-6.622417582896050758e-02
3.450548159381720548e-01
1.790688913399839655e-01
5.154796269726598101e-01
5.403495021136726084e-01
-2.745479652605656296e-02
-4.886059223859339218e-01
1.848254921808571150e-01
3.108799900110262859e-01
-5.456270196636602288e-01
5.266456121547931080e-01
-1.000000000000000000e+00
9.070890132697009833e-02
-1.351811542729484117e-01
-4.216433197426669999e-01
-2.329443221211275339e-01
-3.309199410449115142e-01
-2.067193754711429965e-01
3.792178630890536417e-01
8.837430677502094989e-02
-3.414176160444418739e-01
-3.446478069655218857e-01
2.766673616731025187e-01
-8.031477777267080898e-01
1.463113384455290156e-01
-2.121730340340607368e-01
-9.369709697091535561e-02
-4.381420315989094649e-01
9.230000952459560537e-02
1.000000000000000000e+00
2.240509126475563884e-01
-5.099429917738815266e-02
3.018339042433485497e-01
9.312891619107804830e-02
2.153396813313285807e-01
-4.857002087070216856e-02
4.208531846712715296e-01
-2.437954353315262557e-01
2.271732493006358156e-01
2.387574869649910780e-01
1.000000000000000000e+00
-1.180538132446450755e-02
3.228719912545798820e-01
-3.671029639536882438e-01
1.000000000000000000e+00
2.560620553649037845e-01
-4.200153321517359484e-02
7.059926272974520467e-01
1.880335676714595672e-01
-1.787900096082878088e-01
5.299517708522605286e-02
-3.643795362052021924e-01
1.524729078302118068e-01
5.207845836124069816e-02
-1.057263290524084326e-01
9.605272237634233934e-02
-3.046188075654620020e-01
-7.098933769617834511e-01
3.610909357772344452e-01
3.268354287462504337e-01
1.484100855241629879e-01
-2.536672692129475770e-01
1.964072280529202130e-01
5.114485760116588287e-02
4.296194298879298934e-01
-3.090604184386328557e-01
1.348867967201190510e-01
5.727859578226529580e-02
-6.267120624422182207e-01
-4.532735389875385268e-01
2.040515038001534665e-01
9.576767888856347888e-01
1.198039744579075527e-01
1.000000000000000000e+00
-4.160247093508828709e-02
-4.402168967368237373e-01
6.185089712579985299e-01
-9.603854548084251874e-01
2.937060315219828244e-01
1.710466122112360432e-01
1.533894991975619237e-01
3.052514465086689777e-01
-1.301509348482806638e-01
2.571802075791942976e-02
2.714974985434996380e-01
-6.202402482868568656e-01
6.555124863862776818e-02
3.170581545858947581e-01
2.336408239124309061e-01
5.830953451456817316e-01
-2.233835787287305474e-02
-4.696069047239933014e-01
-8.112176901721880606e-02
-1.692203920790633642e-01
-1.578209218335253350e-01
-2.644378212087959978e-01
-5.914724568343260325e-02
-1.167206058097149390e-01
3.792815243350669552e-01
-9.699878511808618375e-02
6.616559883109023321e-01
-7.943101332574687978e-01
3.617053758992346824e-01
4.237772572345758215e-01
5.788623475944002505e-01
5.969039154897735067e-01
-2.355049284174268176e-02
-8.592600183294291094e-02
2.497922532012802344e-01
-2.396120939535078820e-01
-1.466568823151548073e-01
-1.000000000000000000e+00
4.427481118641494184e-01
4.936671602825207783e-01
2.539207993389556162e-01
2.158519992095692397e-01
1.416816216866908229e-01
3.764766574081244710e-01
3.290286344478343672e-01
4.391206671789493754e-01
-5.842600096267658305e-01
-2.593882029196808992e-02
-5.105079042392153266e-01
-3.317513184027210960e-01
2.545356881320198217e-01
-2.968828003231300250e-01
-3.237405280845169209e-01
1.335156353628184356e-01
-1.000000000000000000e+00
3.618207293749701736e-01
-3.066521546069103099e-01
-4.714620143964736165e-01
-3.176919978355924323e-02
1.396903553330813008e-01
3.475173845824164331e-01
-1.000000000000000000e+00
