

gen best mean std
0 57.601837 -1.119275 12.062814
1 57.601837 4.254321 16.23784
2 57.601837 12.157803 17.637011
3 57.732142 25.553537 20.906289
4 66.225448 33.873657 21.8052
5 75.091917 42.251076 20.230532
6 75.16227 49.109009 18.039371
7 75.16227 51.69527 16.006717
8 94.023266 51.275653 17.139671
9 94.023266 52.956518 15.012324
10 94.023266 54.744854 12.888308
11 94.023266 55.921041 12.835249
12 94.023266 54.340153 14.785099
13 94.023266 54.708513 13.772589
14 94.023266 54.433717 14.03262
15 94.023266 55.40741 14.10201
16 94.023266 56.161095 13.14612
17 94.023266 54.559397 14.462742
18 94.023266 53.027495 15.698764
19 94.023266 55.563858 14.433885
20 94.023266 55.471144 14.582793
21 94.023266 54.567613 15.5889
22 94.023266 54.230529 16.261205
doomsday
23 94.023266 48.59307 25.976812
24 94.023266 53.595823 15.3848
25 94.023266 55.511254 14.748963
26 94.023266 53.754847 17.168005
27 94.023266 53.03137 17.94608
28 94.023266 53.97884 14.4739
29 94.023266 56.577074 11.849367

gen best mean std
29 94.023266 56.577074 11.849367

gen best mean std
29 94.023266 56.577074 11.849367

gen best mean std
29 94.023266 56.577074 11.849367

gen best mean std
29 94.023266 56.577074 11.849367