3.067086795231201979e-01
3.617955663350733708e-01
-1.874876414233942468e-01
1.000000000000000000e+00
1.338893106912620590e-01
2.367107229808118607e-01
3.283658551392680813e-01
-1.496708211989799218e-02
1.096999372575828829e-01
2.317154275599737634e-01
-3.123319354883432042e-01
1.000000000000000000e+00
4.001864720275914444e-01
1.919191348055418467e-01
3.159269712177570355e-01
2.347032739291865788e-01
2.849745795865598064e-01
-3.798992260484683747e-01
-2.215436676342185385e-01
3.014366291538030374e-01
4.098947141651679837e-01
4.419530396662166849e-01
-5.535270516837926813e-01
-1.753727425280961760e-01
-3.146172475526357593e-01
8.910067171869290314e-02
4.228006110521247418e-01
1.600758575655267246e-02
8.015683698117437306e-01
1.620990410665724413e-01
-2.658032192417183470e-01
4.114645243340804281e-01
-5.080106637442739770e-02
-1.000000000000000000e+00
1.246422410205181019e-01
-5.983070456742376475e-01
-6.323639718268181387e-01
-1.000000000000000000e+00
-6.007913278981800165e-01
2.438683700635037657e-02
2.487705497920933151e-01
4.852440643226785255e-02
5.251316214473117361e-02
5.207526141962044719e-02
1.231717523058843966e-01
-6.982911413367467457e-01
-9.270570654020593437e-01
-3.125892361154680721e-01
6.113089252955979935e-01
1.302735578821919982e-01
1.993144312206465707e-01
3.573956104934946088e-01
-2.151054701899584587e-01
1.180212447690124344e-01
3.570413797204139428e-01
-2.049825770516482959e-01
8.655885345221243921e-02
3.311386742040421383e-01
-1.998398618870255231e-02
7.391435871083373854e-02
5.557346562324071426e-01
-5.229402109735641069e-02
-6.000923275421332637e-01
2.328871517767227561e-01
-2.409694283893266398e-01
4.180274543634564521e-01
3.269832270588676204e-01
1.804842962677567497e-01
6.924925083857762509e-01
-9.402885563238039257e-04
1.735834420629868702e-01
1.250204837940249725e-02
-1.246928951894274440e-02
2.933781719552633893e-01
2.336336840672106341e-01
-3.915273473111955949e-01
2.871456989506010471e-02
-1.986698078929108047e-01
-1.000000000000000000e+00
-4.445517256890851865e-02
-1.444651955429878676e-01
-2.886883138135975524e-01
-1.000000000000000000e+00
-3.967094327026792211e-01
-9.399293330729117102e-01
3.562094029659584882e-01
-3.036810518128899572e-01
-6.222755025098671844e-01
6.623030562372269614e-01
5.510550613903955064e-01
3.273967155397219941e-01
1.835855255222595128e-01
-3.542793009866839204e-01
-1.022044831434984896e-01
2.969931108136499853e-01
2.250310806379591799e-01
1.733096008547656552e-01
-1.456497139607395852e-01
-3.982039968394290308e-01
-3.694886204476459102e-01
-4.549454782398901775e-01
-4.366380580613527518e-01
1.830168989207371366e-01
6.451990019358840867e-01
2.752334091078326161e-02
1.000000000000000000e+00
-1.763672354123818620e-02
-1.224521692820384339e-01
1.638105019647936866e-01
-1.488341817351201968e-01
4.826309346770238928e-01
-5.416679099974462952e-01
-4.491657804042192281e-01
5.816478978845190939e-01
-5.400909004079526010e-01
4.608239879689293161e-01
-4.865626334890896243e-02
2.274297087196079370e-01
-2.428874142335895603e-01
-4.126184220512353340e-01
-5.437801706492609299e-02
-4.914323033406265973e-01
2.999663897237925259e-01
2.254359822016087089e-01
1.041180364637855904e-02
2.667274469455763741e-01
2.568399399774071723e-01
-4.920160596598194269e-02
-1.680760083048986053e-01
1.000000000000000000e+00
1.963984591856128836e-01
-4.558250816164644004e-01
6.688777879415128136e-02
1.293155080280922464e-01
3.441672780245061403e-02
-8.173948547663492104e-01
5.389428569322923801e-03
5.761853625647900268e-01
-5.813086854879887522e-01
-2.862861727445430438e-01
1.000000000000000000e+00
3.606394657615685784e-01
2.213578877140301715e-01
-3.204803603789475042e-01
1.381467668481763389e-01
4.453342512975034251e-01
3.057307688804012380e-01
1.000000000000000000e+00
-2.197253576795124563e-01
-3.757230392751270687e-02
-6.130172623522995440e-02
-2.542274784544292787e-01
1.465399740361433834e-01
-9.675488436989138075e-02
1.611774089483158368e-01
-5.683438705135742675e-01
-1.084651839844482102e-01
1.678197895483258539e-01
-3.389760508102542813e-01
-5.610798966115508879e-01
-1.825322989197477042e-01
5.023863724564850974e-01
-4.654973638078454545e-01
-3.530979734889724275e-01
7.650372413927308823e-01
-3.373261315407883321e-01
2.162586853982296775e-01
8.901271984365050072e-03
2.866056901168569093e-02
-1.120728245497930181e-01
2.579685415605366128e-01
2.386179894935104850e-01
-9.745618025527307271e-01
5.608116704086969495e-01
-3.307779261249561564e-01
-2.264687540858979775e-01
-1.790008911633385047e-01
1.596782271127994979e-01
1.237325373606643075e-02
1.000000000000000000e+00
-6.192589849655927292e-01
-4.789288724067920500e-01
2.787061755784437933e-01
-1.096593570784996363e-01
-9.925474965439728958e-02
4.542380547703239180e-01
1.928049511933265792e-01
-7.609891627322462604e-02
4.076022447672988380e-01
2.034793387130294506e-01
2.953527041755998894e-03
6.129581384199085659e-02
-1.666402705049581379e-01
2.328997735817653347e-01
3.991253829023263533e-01
-1.563681230282870094e-01
7.077923787834879965e-01
4.701331031474099698e-01
7.388822157967325777e-02
1.750279946899777062e-01
3.701507041300269307e-01
5.323361810968713081e-01
2.899725766268815286e-01
-2.303397721725188030e-01
4.246603458178170309e-01
3.666269207548699116e-01
-3.040886519891836115e-01
6.000113163591858090e-01
-1.706799154863069545e-01
-2.868550447708473339e-01
-4.631032589679779377e-01
5.359127342207588018e-01
-7.021071262229455767e-02
-5.218938742270393116e-02
-4.429237795203279093e-01
-8.186309541281122648e-01
-1.563526455563983286e-01
-2.161075363231232671e-01
-5.633917977341662553e-01
2.290372447866616257e-02
-7.535581972852740673e-01
-4.756975921891946624e-01
1.000000000000000000e+00
-9.728118113699482650e-02
3.663830723504997167e-01
2.851743076287173717e-01
5.686765696929503289e-01
-3.084902330111220503e-01
1.402872856867198870e-01
-1.127199869879504934e-01
-5.228639385829192410e-01
1.968792921866338863e-01
6.080578179492276275e-02
4.598471312242845555e-01
7.345900313000784665e-02
2.606438691563631727e-01
5.125186454737927777e-01
4.726950903766333201e-01
2.829471858803160877e-01
8.379385698285164441e-01
-3.814611323504677465e-01
3.535060987963573598e-01
1.373829047978642470e-01
-9.655989609502318993e-02
-2.248804299594614198e-01
-1.582750436291096574e-01
1.471173197336127780e-01
4.630119543708566265e-02
6.839090536016367849e-01
3.757415621485890034e-01
5.699069009156125798e-01
3.001827884704781346e-01
2.169907893730677606e-01
4.596774835235728496e-02
-7.578139846601557039e-01
3.887548359657980179e-01
-6.468909507594196306e-02
1.267680773789687798e-01
1.209895821374329383e-01
-2.995311170187183736e-01
-1.131987374798797130e-01
-1.000000000000000000e+00
2.615583239232590618e-01
-2.499385866776046572e-02
-5.737057939901653025e-01
5.215976302321082558e-01
6.172170893172564954e-01
3.915422175767374058e-01
3.852067056625059494e-02
5.068053454232568367e-01
1.850467845497689653e-02
3.818712079241992075e-01
1.467617389294385011e-01
8.434587653462746748e-02
-2.935753536546893416e-01
5.009563495617193052e-01
-1.000000000000000000e+00
-3.095969042599283072e-01
7.184354016217597838e-02
-1.307892156623476354e-01
4.501191539902749117e-01
-4.873220275214870112e-01
8.580846460793178920e-01
-8.994432925533940582e-02
6.272877741009288965e-02
1.000000000000000000e+00
-1.000000000000000000e+00
-1.000000000000000000e+00
-1.730758329158128828e-01
-5.028789570301696321e-02
2.614319402064392284e-01
-1.486639913079276787e-01
-4.548680462936444124e-01
2.713993801066709732e-01
-1.448148525744515080e-01
-8.403248304571326877e-01
7.421490487260079538e-02
-1.090024202563873168e-02
-5.042468826406678595e-01
-5.652508939450098246e-01
-4.815446968398789940e-01
1.000000000000000000e+00
1.000000000000000000e+00
-1.000000000000000000e+00
-6.616145120820837722e-02
7.025504858515865814e-02
2.661958527396505181e-01
-6.433487454318319587e-01
7.158360278918149966e-01
6.715445654533267472e-01
-7.781462013103998543e-02
-6.962015821217002465e-01
1.288825831615122985e-01
-9.591207482113822680e-02
6.781750222650162474e-02
3.740739416914247717e-01
-2.440421833297090615e-01
3.685488039252453607e-01
-1.458395346635759926e-01
1.781079327350086616e-02
-7.051664316302738156e-01
7.059288371135470364e-01
-1.472198179777116644e-01
4.589368146925635883e-01
5.032381399117631382e-01
2.591366228226555518e-02
-7.518896588399540670e-01
7.022438916433694223e-01
-7.496056469243288500e-01
-2.856592951044081286e-01
-3.291034087037532085e-01
2.526341799165678914e-01
-4.680884581552227086e-01
1.701513317631517530e-01
1.635295834473305399e-01
-4.317048477120908334e-01
4.793203451647198854e-01
-2.279283675161995204e-01
-1.000000000000000000e+00
2.499213383698408730e-01
3.437674308926977340e-02
3.526586798127682165e-01
-2.143901038148629257e-01
2.086362678865731624e-01
7.279732391602258268e-01
-1.682490280538561644e-01
4.977378866256625400e-01
1.000000000000000000e+00
2.258031413951699928e-03
3.573129526545384405e-01
5.677777612353607228e-01
-5.698937199644452667e-01
-6.374592305113166990e-01
1.377551883207592809e-01
2.782982693070221725e-01
-2.345265230772061726e-01
-3.065765814871844186e-01
-1.000000000000000000e+00
2.932907309551645580e-01
-1.442343343755909946e-01
-4.275283908333465943e-02
-4.453723107654097846e-02
2.131519586417647272e-01
1.189269865768310952e-02
-4.447387012581395793e-01
-4.009286879534168513e-01
-5.781367492353156612e-01
-9.572446528179390235e-02
5.198504267803570611e-02
-1.801811842398587382e-01
3.155994464049082238e-01
2.904472269266392681e-01
3.010780104195067142e-01
2.018220589294926204e-01
6.837167458827124455e-02
-3.883319914801958705e-01
-1.000000000000000000e+00
7.042681744137452293e-01
-1.163572003367251279e-01
1.943547206227039803e-01
1.000000000000000000e+00
5.762649291643106020e-01
-5.036111392126604303e-01
-7.058533063486535641e-02
3.239480061576265335e-01
-1.000000000000000000e+00
-3.243225450961620959e-01
6.279952186508448442e-01
-1.437383740742815275e-01
-2.887076928005682941e-01
-4.095657984383971328e-01
-4.897151194404227859e-01
-3.189001538215275461e-02
-2.422961646934093383e-01
-2.026508058846821642e-02
-2.636763887237958404e-01
3.920541592114257234e-01
-4.241965891845191072e-02
1.337638996986269813e-01
-3.401730546538340727e-01
-1.000714673549350786e-01
-1.689504738067223455e-01
3.394462449716266761e-01
6.288481791353007777e-01
-4.899261242656332421e-02
-2.925162444695376118e-01
-5.405926835224146298e-01
5.776623669558963448e-01
2.850556948205170693e-01
-9.006507019028603400e-02
7.520388320388093906e-03
1.069447244723045476e-01
-4.957037773178047391e-01
1.000000000000000000e+00
6.700484237965835810e-01
-3.366059750465084655e-01
3.854979584281858496e-01
-3.168157136413385921e-01
1.000000000000000000e+00
-4.496269931901966665e-01
8.275917154038215928e-01
5.260004305169935224e-01
2.232941840060447825e-01
-2.949376111789202559e-01
-4.362442212096355743e-01
1.528549968680427695e-01
-4.130968281810053905e-02
-6.740601562300251315e-01
2.644458176034554797e-01
-5.370186058235520282e-02
2.024669972447006583e-01
1.376485207118183229e-01
1.000000000000000000e+00
-5.857251324970419448e-02
-1.405351638407836834e-01
3.733024588034548619e-01
-2.023264909997957717e-01
-3.104463330133961502e-02
5.450330210545037968e-01
-8.065361599462876618e-02
7.224100913617823583e-01
2.450734416113711511e-01
2.938691034647963884e-01
3.041204044210384788e-02
2.550312918335437273e-01
-6.053527036580360621e-01
2.573316088454555284e-01
-2.732299044481303341e-01
-2.156982102648294375e-01
-3.188449600950106211e-01
1.347483460465792593e-01
-6.362869356067767379e-01
-5.230130468370105395e-02
1.273147162460522286e-01
-5.631195194485709710e-01
-1.303919526602949353e-01
-4.691081650300638062e-01
5.734092223252579279e-01
1.625443238143013114e-01
2.389130297657802160e-01
2.865660159273909491e-01
-5.457892858530614122e-01
-1.626342816259249702e-01
4.579000323873098077e-01
1.774018218699897065e-01
6.859066212616726776e-02
9.132634805081372154e-01
1.036205307717426027e-01
3.476924589077523553e-01
-2.204613268542196247e-01
4.498592587255486608e-01
-2.519871306694402291e-01
3.242930731535229039e-02
-1.325750646977338909e-02
1.000000000000000000e+00
1.780171056894380432e-01
-4.594487897426177692e-01
3.794843760781502762e-01
2.020110273426510283e-01
-3.077660761549237955e-01
3.755224112017152005e-01
-4.496718971172676826e-01
-6.030145505640677195e-02
3.389313433639439821e-01
1.966485316613320600e-01
-6.323472155853975263e-01
-1.526188377992189760e-01
-6.087386167955083360e-01
2.829625549946973018e-01
3.024598514234919100e-01
-9.560147695941063617e-01
-2.942417603611102717e-01
3.280707288876227867e-01
-5.470950350264524031e-01
1.892414970037851751e-01
-1.665912006184190608e-01
9.609990086438455203e-02
-4.629051383014583521e-01
-3.668440984162670282e-01
5.136488579747964384e-02
-3.239237502069822194e-02
-1.625538883620266661e-01
5.750395380521817756e-01
-4.090863681748339031e-01
-1.648786940722147265e-01
-7.328676112004037790e-01
-5.296580606465874919e-01
7.836423929407267952e-01
2.890246458696956178e-01
-5.254447182096838587e-02
2.465602047900819493e-01
1.489358479796980272e-02
-3.455593788661719956e-01
1.233664160836641932e-01
-4.608948963608902605e-02
6.643647935031449236e-02
-5.154940144703925586e-01
5.227440821366082790e-01
-3.247850525323164872e-02
1.640983852443997637e-01
-7.372819264216473600e-02
2.313227952253478492e-01
-1.816946470174180539e-01
-6.277850000263391905e-01
9.200978672204626063e-01
1.302882065583835791e-01
-3.133971308125944044e-01
-1.543381364043343029e-01
-8.064181472973565024e-01
-1.173990444965661434e-01
1.977438527031854520e-01
-7.072811570103894052e-01
7.203739011874661369e-01
-5.446411412309432043e-02
1.673975125870693637e-01
-1.000000000000000000e+00
5.421671354786932184e-01
3.638594407059990432e-02
9.931589099494693151e-01
-5.097902119355894601e-02
2.041822959438748808e-01
2.271516462427780603e-01
-3.933093755339747699e-01
-1.545018090065809202e-01
1.747085738724618587e-03
-1.634887671293440703e-01
-1.077094787122642450e-01
-4.579091932261483699e-02
-7.696940631992142678e-02
8.263007817299099500e-01
4.853433653167851247e-01
-1.240731501867686631e-01
1.764583214537531197e-01
7.025670986976836341e-01
-4.903931959997627210e-01
-2.781647284011902754e-01
3.526569779901257418e-01
-3.407919068988748967e-01
6.504536908530197947e-02
-3.592671999697719665e-01
-1.170521102011595621e-01
-1.042869140934696848e-01
2.832678215670390021e-01
2.981173724842566264e-01
2.972249579765654515e-01
2.711188313911501446e-02
5.783773874738108445e-01
-5.262380386634829543e-01
7.139694298307881493e-01
9.337144207008629682e-02
1.495513553312383948e-01
1.734009882934714475e-01
-3.564525354655970757e-01
2.590924657395937691e-01
5.503742547029141230e-01
3.882511154437917611e-01
5.997408674309072651e-01
-8.657345492755992300e-01
-3.529208442306248639e-01
-1.079519604996346388e-01
-5.457880537945024590e-01
-1.539646859806776402e-01
-9.980581797331187222e-01
1.710374058394268648e-01
8.781222363708452994e-01
-2.175583838233766665e-01
-6.662226203525367652e-01
2.714876696010117274e-01
4.091059279576344521e-01
7.430341292077952131e-03
1.000000000000000000e+00
2.326471245724838766e-01
8.151186194228322857e-02
-1.000000000000000000e+00
2.837777108346231092e-01
-8.665399227765734347e-01
1.000000000000000000e+00
-8.345468095179680024e-01
-3.267769194144774514e-01
1.000000000000000000e+00
-4.541203017978879264e-01
7.191994317116860713e-02
-2.301513641088471229e-01
1.000000000000000000e+00
7.107694820655199308e-01
5.736941009413252246e-01
5.255510446540012648e-02
-4.377615424642650743e-01
2.148330335656296053e-01
-1.786713568190232415e-01
-5.239007205808415835e-01
-2.525062059192937358e-01
-4.371391634530639725e-01
-2.243368465558037150e-01
7.016637296021882575e-01
2.057243675899997071e-01
1.983342929726671644e-01
-1.000000000000000000e+00
8.145795595579635728e-02
-1.239833559293347098e-01
1.254841509479561468e-01
-2.373504233767832761e-01
-4.425004964860156376e-01
-3.086727732126602619e-02
1.711215235449128624e-01
7.806091079847774505e-01
3.696238431847231887e-01
-3.591688243356226939e-01
-3.739361792969830844e-02
-6.154777453552089106e-02
6.802119684171149816e-02
3.050003551270615842e-01
3.689957310505024290e-01
-6.973105711461837775e-01
-7.185928433333721443e-01
-9.833625727995454202e-04
-3.320135759217978516e-02
4.321114347961046431e-01
3.816745864027781265e-01
2.042593125329174031e-01
-6.072128866173943929e-02
4.770994280982911451e-01
8.536912026602269110e-01
-7.198638983875735864e-01
-2.263241632795031932e-01
4.513189166032950395e-01
-1.719905160676754030e-01
4.555892244877478570e-01
2.135538984277915442e-01
3.077127230608667219e-02
2.687089171098498708e-02
-2.061684559295556551e-01
-3.746291888025877759e-01
-7.961675024611036822e-01
-4.899260686635637518e-01
-3.449815406842872134e-01
-5.254395850779669530e-01
4.946026923856861601e-01
-3.916019536136411405e-02
2.096233942919998872e-01
-2.170594459149009503e-01
-2.163952382587291667e-01
5.281263283643945483e-01
-2.012200930027497614e-01
-3.232494674497951026e-01
-5.081488103930603684e-01
-6.315335054608621490e-02
5.014923494975491725e-01
-1.752713851693118163e-01
2.591625288681713712e-01
3.566679604322764430e-01
6.340118911901406751e-01
-3.896605315135078795e-01
4.823106771672418941e-02
6.542608460471655007e-01
1.643364529873795332e-01
2.756467668276275651e-01
-1.190400339435604415e-02
8.381832586474948776e-01
-4.350406851942738296e-02
-7.836908621099943073e-02
5.646022048210988520e-02
-1.465468531033522759e-01
2.859359510633665002e-01
5.356493241978613762e-01
6.429102582164516466e-01
-5.806437931846594180e-01
3.419898923892196185e-01
3.894666631797107925e-01
-6.038086299899170228e-01
2.598603387940468523e-01
-1.258005521117035175e-02
-2.770565590108875487e-01
3.005496747200601601e-02
2.948383684030267959e-01
7.093439980437662995e-02
2.221413402484341826e-01
4.056923472714282219e-01
6.274070797178501468e-01
-1.256615651191705374e-01
-4.510319006680753029e-01
-1.590008963092131578e-01
4.161767937730635469e-01
-2.474890389369782673e-02
5.981785634293955434e-02
-2.621043305295680526e-01
-3.252297503915951848e-02
6.498994062578273834e-01
-6.050111566874206703e-01
1.000000000000000000e+00
-4.568587708582741436e-01
-5.795251551034343862e-01
-3.691421932091701330e-01
8.380717003208748572e-02
3.725600680582488722e-02
-2.142905537920778980e-01
6.900106879022892548e-01
-1.000000000000000000e+00
-7.588932662660946571e-01
2.895958914664789607e-01
4.039958481712573324e-01
-1.279176773181749105e-01
2.314889912083986090e-01
-3.957917548927423201e-01
1.165948996079775729e-01
7.095482909638083369e-01
-1.094893118465437992e-01
3.371105944457707393e-01
-1.038453952685310516e-01
1.000000000000000000e+00
5.497088877769852333e-01
2.837176171028029104e-01
5.973280922128654247e-02
9.572934527739129784e-02
-3.921187109666081638e-01
-4.255095518697102341e-02
-5.925679428932492110e-01
-5.444625195131309603e-01
8.209405524321029546e-01
7.505415708348155829e-03
-1.456272487126929471e-01
3.458474572628622568e-01
7.689451056611593671e-01
-4.852243233326790639e-01
-1.000000000000000000e+00
-9.269057876175898492e-02
4.854339972856979157e-01
-1.000000000000000000e+00
-7.802539803984143152e-01
5.214697584197074409e-01
-1.000000000000000000e+00
-1.553178411137490222e-01
-6.034465303790172153e-02
2.235661991488023803e-01
-2.146172496365663374e-01
4.153499965848018727e-01
6.227342338127008770e-01
-1.836941433047108996e-01
7.958624568024501300e-02
2.907409595472800756e-01
-2.072240524062348432e-01
9.277760959097200444e-02
1.496170471030591476e-01
-5.080087851013499467e-01
3.108155567930687146e-01
3.644417173388705966e-02
3.697390518572193918e-02
-1.000000000000000000e+00
-1.480202658287217976e-01
-8.993299114815882511e-01
6.098033744527437960e-01
-6.397722089478909135e-02
-5.656886489558861086e-01
-3.311230426781747727e-01
-2.008824219655041543e-01
3.384510777363619050e-01
-4.460564438922061670e-01
6.608151335604023346e-03
-2.165752479948032660e-01
1.000000000000000000e+00
-3.301976146796949951e-01
-6.664973700336181139e-02
-2.073453891489641931e-01
-8.096141090004180807e-01
1.599381959189242475e-01
9.917658007235560791e-02
7.671975847985235131e-02
-7.437882895145627726e-01
1.210899082532064519e-01
-2.822594031009207360e-01
-6.728498707406106449e-01
7.604289051873451832e-01
-4.690524957044397425e-01
-3.539174664500673861e-01
-1.415965079711523078e-01
4.588777505609160090e-01
1.390075509699168765e-01
9.524214249570406299e-02
3.774418911938395849e-02
4.074966062728998528e-01
5.857461079937947845e-01
-6.599445247777254719e-01
-1.893094818227661347e-02
-4.636765510934116596e-01
4.561220633919178535e-01
-1.000000000000000000e+00
2.109284293006619959e-01
-2.576393953278721671e-01
3.074147731113294757e-01
-5.466922975662293904e-01
-1.679286135493256449e-01
-9.773195866163666978e-02
2.848149567531774728e-01
-3.267122644679978372e-01
1.272707659324495144e-01
4.233057907293583111e-01
1.452393155368926769e-01
-1.483017081854151598e-01
4.623283854960019701e-01
1.930395252672280348e-01
-2.968408684493110683e-01
-1.788595265847566229e-01
5.464556486233770327e-01
9.267124880611341542e-01
1.000000000000000000e+00
3.332640853250679741e-02
-4.856940750527490303e-01
-2.858048353242021999e-01
-1.368913251417840093e-01
-7.836792379665422081e-02
-5.515735872336759993e-01
2.925552384281419060e-01
-4.646827535583732960e-01
2.348857725265938723e-01
-1.375558659118858995e-01
5.640716298500613179e-01
1.097967696950684635e-01
1.000000000000000000e+00
-8.826770601310033326e-01
3.612256814284133810e-01
-2.610945202432673473e-01
-5.488355332279121201e-01
6.144970049317446392e-01
6.717962327804122280e-02
4.280298853488669897e-01
-3.089823942608355134e-01
3.513724433933770319e-01
2.394333113360823939e-01
-1.000000000000000000e+00
9.079086885835405685e-01
4.024272233744909388e-01
1.083256612189256729e-01
-1.766872670916220245e-01
-5.646808319944301990e-01
4.411905174623731996e-01
1.965338941643270942e-01
7.098505255965699146e-01
3.859158356823165770e-01
7.788885156408723032e-02
-4.006483353684343607e-01
4.296217038232997415e-02
-2.920265420500836040e-01
-1.000000000000000000e+00
-3.318053666469370500e-01
-1.000000000000000000e+00
2.672340803519533681e-02
1.000000000000000000e+00
1.744025558668534370e-01
1.535397518572689801e-01
-3.256486457020420500e-01
-1.000000000000000000e+00
-2.539411286283804747e-01
1.000000000000000000e+00
-4.659971999916123209e-01
-3.319227041164727887e-01
6.941822320660562262e-01
-2.808213200351676597e-03
4.842017945262918621e-01
-6.753066945640544549e-01
2.266215243851690819e-02
3.018804018276553536e-01
3.567364813345860197e-01
1.537408693306860918e-01
-8.582676205923468471e-01
1.386033785899695447e-01
7.523042016208675298e-01
-6.208291055348194587e-02
1.000000000000000000e+00
7.959281051264055495e-02
-2.930478701626894611e-01
5.602868089312940114e-02
-2.292600416080107784e-01
-1.777166618192544956e-01
1.348347759630310061e-01
3.497329077992546859e-02
1.000000000000000000e+00
-5.915181074308921427e-02
-6.646152089753051273e-01
1.146040819761904583e-01
-1.361906401035872516e-01
-2.570882826552076672e-01
3.535209508816922197e-02
-4.546243760216928109e-01
-9.510380923644261297e-02
4.241983330002369046e-01
-2.119052516949733178e-01
1.634433643078916365e-01
3.050408108039742716e-01
2.976575619758218272e-01
4.354081571753972146e-01
-1.049745446613246785e-01
3.237962532545189953e-01
2.855208316122621603e-01
2.814675381971497303e-02
1.918744759658050358e-02
-1.298107588582826100e-01
-7.517384176735515400e-01
2.722866972745812131e-01
1.737254952036841604e-01
8.739540219288807754e-02
-9.782788927575353927e-03
1.373773818303757610e-01
-2.482424610909055862e-01
-3.490953339451008941e-01
1.000000000000000000e+00
-1.195009004013170562e-01
4.954499483284457440e-01
1.000000000000000000e+00
3.094555390901772007e-01
8.580843423442693907e-02
-3.964638015306359842e-01
-5.347469985731826414e-01
1.390322578301288192e-02
-1.173621461826788170e-01
4.196934898706832229e-01
5.377528233394733848e-01
6.871051254496386429e-01
4.793641258446819653e-01
-4.380206461645888560e-01
3.233917403812359148e-01
6.242359541654403099e-01
-1.000000000000000000e+00
2.259881434803178574e-02
2.421191297122687880e-01
8.449083716867433758e-02
-4.310585797735081992e-01
-8.405784861291107357e-02
-3.820286172748187381e-01
2.820409637563145999e-01
9.849964217954704226e-02
1.839768717616575844e-03
-8.575403416092247655e-01
-7.822295237378774913e-02
1.065786042737778411e-01
2.880633634595058945e-01
-1.000000000000000000e+00
-1.000000000000000000e+00
1.659813523898395760e-01
9.555567635513959046e-02
2.131672992600203986e-01
-3.269244108204291677e-01
-8.370623477743492913e-01
-5.603255727644054079e-02
-1.544429375706443119e-01
6.703177429950898381e-01
-6.005645642967027964e-01
9.919200832202254570e-02
3.036364370896371678e-02
3.945027927916475718e-01
3.721117062442236278e-01
-1.000000000000000000e+00
-3.948486754759306105e-01
1.790595393844139904e-01
9.338750870924477088e-01
-1.123778577822723279e-01
-4.103580736814008145e-01
4.919626419693370889e-02
-1.323875374923948467e-01
-5.527736323107833583e-01
1.892151817396725832e-01
-7.084358522683874559e-01
3.323352257549473387e-01
1.689290896444423928e-01
3.372728595356894177e-01
-4.421490031761579620e-02
3.865736028821850079e-01
-3.784515306837721998e-02
5.340515080781854662e-02
-7.175927844773866138e-01
7.540167126433494627e-02
-5.033130779690193624e-01
6.183011766869872528e-01
1.742401680777701800e-01
-3.625089838655983221e-01
-3.843962070887922966e-01
-4.676647746860288501e-01
4.415968412451966030e-01
-5.266485171554384781e-01
1.000000000000000000e+00
3.473003246408074007e-02
7.018500279827323551e-02
2.220666586026990019e-01
1.327650726150002014e-01
-4.085348975618291467e-02
-1.589140997735976335e-01
5.812675331683634372e-01
-2.147126823832092302e-01
2.503563323449261580e-01
5.391433757677275285e-01
-5.351290799372083740e-01
-1.376101881934640447e-01
7.793630747551065496e-02
-6.519713443533887709e-01
-3.644384288781757908e-01
2.430435723548216853e-01
-1.000000000000000000e+00
-5.609232811799900187e-01
1.629674946690159998e-01
1.599417271067295199e-01
-7.541339697090614080e-02
1.795742420808915385e-01
-3.610851716871481543e-01
1.313813066275275609e-01
1.422083789192558068e-01
-5.017650782519030850e-01
-2.726863346063726490e-01
5.782226677073509791e-04
-1.000000000000000000e+00
6.617278886179721598e-01
-7.706802962605714680e-02
-7.263311207062027597e-01
4.843351536089693932e-01
1.582606902548959193e-01
1.703005950937847568e-01
-7.356557691098167262e-02
-5.830223689525215747e-02
-9.228213388487165325e-01
-3.195075669782916350e-01
3.605925767300913187e-03
6.917730923259168829e-01
-3.529995793121959435e-01
-2.897274016726736345e-01
-9.852644039393837483e-02
-3.678249706618461068e-01
3.241487238276058447e-01
-1.333875896423855623e-01
-4.325788734125821100e-01
3.262454566951409896e-01
-1.141700733291736991e-01
-6.426911543073172695e-01
7.265579805485847809e-01
2.825062413501561731e-01
9.112182420694224516e-02
-5.877924774728741919e-02
-1.119947397770888337e-01
1.000000000000000000e+00
1.580373550784759940e-01
-2.685642595675888367e-02
4.697875471127512803e-01
2.348520463388333313e-01
1.479953117761140247e-01
-7.107738402789562371e-02
1.562051264780187076e-01
-3.517479403886709238e-02
8.826102979308944607e-02
5.415130975455498819e-01
-3.655436130894277325e-01
2.057522530557371887e-01
-8.208044126138941410e-02
1.357718787045673059e-01
-5.736100371310475232e-01
1.066369483294493381e-01
2.531393434163666800e-01
-6.022737508021629438e-01
-1.000000000000000000e+00
-2.077300456813218343e-01
-2.495244627137210847e-02
-1.000000000000000000e+00
-8.691425401981239807e-01
-1.835174286030527568e-01
4.872716911064506329e-02
4.226640033131668917e-01
6.537789591882188223e-01
-4.146710520782282972e-01
-3.158784904911738356e-01
1.768360723495687736e-01
1.723181905984407514e-01
-1.000000000000000000e+00
1.146395064289679327e-01
5.822127448635068259e-01
-3.621626614624637863e-01
1.936032125240131074e-01
4.274530689291797803e-01
-4.566885639365566574e-01
1.000000000000000000e+00
4.362499393514885360e-01
1.000000000000000000e+00
4.274836957624929545e-01
-2.050834468349137518e-01
-3.334322828748795819e-01
-1.722206826427924997e-01
-3.269978013606061884e-01
-1.000000000000000000e+00
3.239258113260293781e-01
-1.871548594622439443e-02
7.994948317774193125e-01
1.876769876203672194e-01
-3.281313579759376209e-01
3.298240270593649770e-02
7.557699658074590321e-02
-5.429075362596655907e-01
-4.108421314784480582e-01
1.297788990294483080e-01
1.000000000000000000e+00
-3.511937780275834475e-01
-1.000000000000000000e+00
-1.893695501335042330e-01
-9.691765509208916107e-02
1.402358033430214923e-02
-7.211920274458305524e-02
1.951559036033382322e-01
-1.000000000000000000e+00
2.196247959790914583e-01
-5.763500793387631438e-01
1.118977815890117578e-01
-2.855208316122621603e-01
-4.772630594128292048e-01
2.802575257902588657e-01
6.197306325002707172e-01
-1.433640606776588611e-01
-3.361578142770709210e-01
-4.108618153920076121e-01
-2.339933125549787107e-01
-1.940505515208058307e-01
8.135194005690921104e-02
-8.359871831664738018e-01
1.697773316459679493e-01
1.646713980753135298e-01
-3.453774518613273448e-01
-1.745259768605193496e-01
-8.982462729206405760e-02
-5.969409961208814452e-02
4.349025361468656925e-01
6.547928661200681510e-01
1.415559415648413588e-01
4.075658814551116338e-01
3.802365267497230250e-01
4.865067124159861978e-01
-3.285404272495114353e-01
3.431834653328138529e-01
2.209476630772068129e-01
1.000000000000000000e+00
5.306311804342043192e-01
1.000000000000000000e+00
4.993367387016708903e-01
-6.590643240270619430e-01
7.642756882933249285e-02
3.985739481825667507e-02
5.274703759772092493e-01
-2.178479904743418349e-01
1.000000000000000000e+00
-9.548025528450487798e-02
-2.741885751067435484e-01
5.248364473644580031e-01
7.147861276122922936e-02
2.970363010843196649e-01
-1.743356069799504027e-01
-1.837351313630224414e-01
9.903699145217442767e-02
4.421581892999513208e-01
2.259287164984849494e-01
-6.470287205734818192e-01
-1.000000000000000000e+00
8.935124542515399115e-01
1.424119233600822099e-01
-5.349234978477928060e-01
1.545314759607840926e-03
-2.079958224552652113e-01
5.593039127763270724e-01
1.000000000000000000e+00
-1.840965225297226393e-01
3.015290498629027982e-01
-1.830663979694915067e-01
8.787509141168856064e-02
5.147917619719820648e-01
-4.394482165276111796e-01
-4.335760673862407155e-01
1.900562119492565649e-01
5.025214866488103560e-01
1.000000000000000000e+00
3.581208468806704182e-01
-5.191990992874120359e-01
1.092663245731917421e-02
1.068991568564848504e-01
-1.974456724211863801e-01
-3.667100276181872176e-01
5.938508947210637823e-01
-3.019194252451545823e-02
1.033912399349122546e-01
-6.677199281368957628e-02
-3.975896054793749967e-01
-6.555113459658973296e-01
-2.541441413689425333e-01
3.302974702047175026e-01
1.168769058583428999e-01
-4.662014630310367114e-01
2.114667833991669132e-01
-3.894082190262722065e-01
-5.505978447243033980e-01
-3.882167393740977301e-01
-3.749352748537356228e-01
3.424124041151722642e-01
2.843539640100046784e-01
-1.615752741669713166e-01
4.368407436269020061e-01
-5.907902696908150508e-01
3.264258096545292753e-01
2.642507451552754683e-01
7.964883220913360207e-02
1.236743269358822478e-01
-7.312749188946331413e-01
-5.709195448175498067e-01
3.832771641488758596e-01
-2.124667436186518654e-01
9.116075531926046693e-01
1.806094624833708417e-01
7.750344252559208114e-01
-5.183446892932634942e-01
-4.727659205210435478e-01
-7.536927073491770379e-01
2.148527018022193535e-02
3.314527510290535828e-01
-7.066232383251509486e-01
1.000000000000000000e+00
-3.868781633625107963e-01
7.773941260876553461e-01
-9.773503506552904119e-01
-1.056319361452431049e-01
8.663087596944357704e-02
1.491030814911560587e-02
2.206579445068690415e-01
-2.958246675057575326e-01
5.410972933256690265e-01
9.893306176404149943e-02
3.878576106857780648e-01
-2.762865419431789760e-01
-2.469230713065123650e-01
-5.672568201420058812e-03
5.264675528738463894e-01
-2.199161280219010806e-01
1.806287930534777320e-01
-5.789419848459714801e-02
-4.780659813215722143e-02
-2.640736581284445217e-01
2.761671544661654654e-01
1.000000000000000000e+00
5.852034941753246899e-01
4.197895926608126160e-01
-3.886395874822833330e-01
-4.490733200920010715e-02
-1.000000000000000000e+00
-1.000000000000000000e+00
4.846997641446512683e-01
8.872970857240679576e-01
5.669518322184794457e-01
-7.507635208412106742e-01
1.330958496351298259e-01
6.712167843381972032e-02
2.447537952022866559e-01
2.964286626680643355e-01
7.660813521309882412e-02
6.818618557735761643e-01
-5.841329715859158167e-01
-5.612575225869004258e-01
3.153490023405555176e-01
3.010374710039369350e-02
-1.213022377712506400e-01
3.303843135735376468e-02
9.885131318699304226e-02
-7.995655169927474715e-01
4.291839438743416668e-01
2.394827384990768082e-01
2.137127197952966851e-01
1.835799946390206661e-01
-4.341463588419322006e-01
-2.251267827229484209e-01
-2.716768222223431284e-01
4.153458138888699303e-02
3.181144843890135743e-01
-3.319184254811406998e-01
1.741233253371134437e-01
1.499210576279601803e-01
4.082085995558515368e-01
1.729991259143444926e-01
3.285592990261089197e-01
1.000000000000000000e+00
-1.555656880483227422e-01
-2.584563886077163586e-01
-4.848202085288866314e-01
-1.000000000000000000e+00
-4.640079541968797905e-01
-3.254528436889257970e-01
9.027403512648841943e-02
4.528709594960012019e-01
9.216086733889587990e-01
