-1.000000000000000000e+00
4.322831615439365338e-04
-2.308970267356785233e-01
3.786201394340216186e-03
6.063236237351887770e-01
-5.590208098876533471e-01
-1.000000000000000000e+00
1.360460564857556010e-01
-2.659123352792724382e-01
8.884484913183509497e-03
-6.948770386670133359e-02
-8.113279884722275348e-01
-4.223494438480054208e-02
6.415849420175344653e-01
-5.765802153759330695e-01
6.224670557356859479e-01
-2.870279357160321343e-01
-2.660933175349073365e-01
-5.378673449915507554e-01
1.471945592545238490e-01
5.204027080707095826e-02
7.646399138053400213e-03
3.869192238036587850e-01
-3.876521728820753743e-01
5.315174765375790811e-01
4.202842607279645981e-01
-1.000000000000000000e+00
-2.876418198183943592e-02
3.541933135604866806e-02
1.000000000000000000e+00
2.117931779941162329e-01
1.127855366249007896e-01
-1.476173063029403432e-01
5.255398296898118327e-01
-7.485211581153439209e-01
1.000000000000000000e+00
-3.433024238085303215e-01
3.620316170858860483e-01
2.269048081665544780e-01
1.409367429693497431e-01
2.556078131528233821e-01
1.436372588909697601e-01
7.804457161185707204e-01
-2.036709845136961960e-01
-7.786132204884895769e-01
-5.556756103514719491e-01
5.275412406049284630e-02
1.000000000000000000e+00
3.092944440092264546e-01
-8.776931880247235140e-02
4.051982753555967709e-01
-6.489491444049695634e-02
1.477474439636236314e-01
4.631888703329797852e-01
4.426542570061670623e-01
-5.195849769950310060e-02
1.000000000000000000e+00
9.245760245010392619e-02
-7.091867356205083794e-01
-4.222327526105317808e-01
6.545239810550385062e-02
8.675901979933654529e-01
-5.269047307619288967e-01
2.640904716871510585e-02
-4.151057223254547290e-01
-9.742046047703920020e-02
-1.000000000000000000e+00
-1.483821772878680390e-01
2.914132504926884026e-01
-3.870943412826566288e-02
2.230571431136377236e-01
9.089168802573491801e-01
1.000000000000000000e+00
4.242293772353948333e-01
-5.316821268012065227e-01
-8.040811089713897908e-02
1.136767008240510413e-01
1.000000000000000000e+00
4.685237918358576281e-01
1.000000000000000000e+00
7.422083374847729953e-01
7.244318910234532893e-01
-9.959393428316865027e-03
-3.099607587833672628e-01
-1.985649366800741333e-01
-1.215509640122041102e-01
-4.910312678268869413e-01
9.505913896962164822e-02
-1.622618748585433757e-01
5.862532538547897687e-01
-1.609300902405569611e-01
5.008278375809559896e-02
7.599130666871553030e-01
-5.722915908318871869e-01
-4.088777770810285705e-01
-1.793643120370082000e-01
7.300132624341154619e-01
-2.242974330544683648e-01
8.160547902279426946e-01
5.284212363091068954e-02
-6.481908763836405907e-01
-3.756968727737073355e-01
-1.000000000000000000e+00
1.671531107924839887e-01
-4.901162755093321222e-01
3.687888377750156432e-02
9.260223848659470125e-01
6.896801413831081806e-01
-1.306089807634829569e-01
-6.178022408017289635e-01
-2.540992120416324385e-01
-1.838558958432823243e-01
6.650095268853322139e-01
-6.106871807789168716e-03
2.557747106783401780e-01
-5.869979218330130255e-01
2.715128580177110784e-01
-6.146156068531741234e-02
4.210001378757026735e-01
-7.464421861685142101e-01
3.874534894638442806e-01
-4.247972546366050040e-01
-8.292085177367251037e-01
3.778874085647653258e-01
-9.437153414582331035e-01
-2.795983715901855238e-01
1.054890429334674473e-01
-6.261441377576407175e-03
6.080280380723576128e-01
4.244800572056683929e-01
4.092046676127136795e-01
-4.359491175008105568e-01
1.482037544011973740e-01
-5.543178043625878182e-01
-5.214744514168444534e-01
1.321429032439028761e-01
8.389236720244612755e-01
6.742349714294551544e-02
-2.437547260729130277e-02
-4.372751559566562252e-02
-7.647981031411089647e-01
8.177025957662134026e-01
-2.044080400484208360e-01
-1.000000000000000000e+00
-5.038350988843434131e-01
-8.701107516427053490e-01
4.795186211917264463e-01
6.583781598665465751e-01
-3.753284252504839880e-01
6.360263129696732687e-01
-1.396898043011388091e-01
6.521383267420910457e-01
4.489030816947516822e-01
-1.296280718136567645e-01
8.588513087447771088e-01
5.358467937501811829e-01
8.170756972561838971e-01
-9.718233945199059032e-02
-7.679710460785575954e-01
5.805265569231439216e-01
4.894890755933997140e-01
4.059923237249844774e-02
-3.425461868719881231e-01
3.143604037011399344e-01
-5.891764783036937958e-01
2.763527595208298826e-01
1.654271940728246904e-02
1.840457151038080164e-01
-6.506816317382595471e-01
1.179254093370248890e-01
-3.747227963414859753e-01
-3.039564350548673577e-01
4.111924437464852256e-01
9.360548785167255303e-02
-1.000000000000000000e+00
-2.717619189204491525e-01
-7.964510521677984345e-01
-1.905612594742829291e-01
2.334447210129066419e-01
-5.615278954617843876e-01
-1.000000000000000000e+00
2.117778868982627127e-01
7.742075087100511732e-01
-1.000000000000000000e+00
6.935196885051764237e-01
1.530657814992631982e-01
-7.755848347926506958e-02
5.502601167345437527e-02
1.000000000000000000e+00
-5.981439469476914628e-01
-1.899366933798093959e-01
4.870097167334246913e-01
-8.688546158114391904e-01
-2.745124052036094220e-01
5.474590875553513314e-01
-1.411444420834484514e-01
1.276650167804319891e-01
-7.599876024966930599e-01
-1.000000000000000000e+00
1.711009198043076662e-01
2.005688107324661296e-01
2.265895793579696393e-01
7.559175553983129570e-01
6.320302059003254369e-01
7.861873097130607502e-02
2.866317721140853036e-01
1.694761975411117338e-02
1.000000000000000000e+00
8.961903379170613193e-02
1.171027175968535894e-01
-5.980672399889264135e-02
-4.604551829224895476e-01
2.535532459301736430e-01
8.218857503635814687e-01
3.264154625163242507e-01
1.000000000000000000e+00
-2.986477522338686352e-01
-8.371110641037808608e-02
-1.450376005096793985e-01
-1.150568995578482856e-01
-5.020462350242291816e-01
1.000000000000000000e+00
-1.351608065559137262e-01
7.693630517275409364e-01
-6.777939923940641265e-01
3.163440247655979753e-02
4.510507447699207417e-01
1.000000000000000000e+00
2.075838666218027262e-02
1.532784832906445294e-01
-2.545676102193529244e-01
4.069066483609478646e-01
-6.722883449830794333e-01
-1.353379511938143653e-02
4.646949339421507785e-01
-1.521599966325574149e-01
3.352297057619763043e-01
3.422565606000582128e-01
3.381494765383130652e-02
-6.798616045208822900e-01
4.600406633921869659e-01
-3.399304185457542871e-01
9.290707665158790540e-01
2.341352398275496349e-01
-1.354399342177926568e-01
-8.591845046338231207e-02
-3.333913671764880682e-02
-6.078575281351322745e-01
4.329314328578257043e-01
1.000000000000000000e+00
5.147144232376639206e-01
8.039826057684246186e-02
2.055515006341635809e-01
-8.667814788776306845e-01
-1.000000000000000000e+00
7.642750462037806169e-01
7.494390747186325807e-01
4.935485626126346337e-01
3.739354106642796272e-02
-4.241859429347138999e-01
-2.325894320110497016e-01
6.241002358261387162e-01
-6.972287440698666794e-01
-1.709771550326754930e-01
-3.155340857865465004e-02
1.000000000000000000e+00
9.566681892980674617e-02
7.900178129614667810e-01
-7.223640221150806617e-01
-4.886781632768116834e-01
-4.216858447386439002e-01
-6.564354215466636777e-01
-7.617388330831840193e-01
-1.576438526147836694e-01
-7.671975802150963197e-01
4.689842366271974594e-01
3.669967207795545860e-01
4.738209090030577331e-01
1.869911385810686943e-01
-2.450905186062402041e-02
-6.678906665726296321e-01
9.527548429272583164e-01
5.214026620941847323e-02
2.418975976265236305e-01
-5.100686657312458738e-01
1.975801121148730299e-01
-4.385039340317898882e-01
2.842031942272811862e-01
1.000000000000000000e+00
-1.000000000000000000e+00
1.000000000000000000e+00
-1.985099456824833963e-01
-8.939946463121856146e-01
1.828331598752143128e-01
4.284329696160948941e-01
-1.991461405919599525e-01
-5.008043202287566081e-02
-1.892994371484754690e-02
-1.000000000000000000e+00
2.702661105459186475e-01
1.000000000000000000e+00
3.429463563520082636e-01
-2.765324029506817105e-01
3.510695734071557494e-02
3.620011702835096989e-01
-2.709689523050434201e-01
-1.000000000000000000e+00
-3.629246446441399820e-01
8.484540304074246475e-02
4.449413771826091907e-02
6.531477784037230672e-01
2.268603237028228858e-01
-7.047863805217108313e-01
-2.089717236876030282e-01
2.871979134739879314e-01
1.000000000000000000e+00
-5.370777354809389004e-02
5.999085318754541207e-01
3.715960064166773380e-01
3.671679760287579475e-01
1.478928610228007201e-01
1.443046211800411982e-01
1.026348481099138288e-01
-4.954734348031851476e-02
-1.883273015724113708e-01
3.189601550369670080e-01
-6.705678098442617863e-01
-5.935838526247749769e-01
1.000000000000000000e+00
-1.660681788047913554e-01
-5.571314456153869665e-01
3.714835330645750722e-02
4.942597857187489008e-01
-1.744802543492058045e-01
4.534344966639000662e-01
-5.224520944888054741e-01
6.784900776290167523e-02
-4.577172781783292455e-01
-4.352396805724702555e-01
6.399822855576718927e-01
6.342222248570841270e-01
5.143672562838319529e-01
2.884560619763009148e-01
-2.352404593747542683e-01
-4.886313838736497939e-01
3.492957725399697400e-01
3.596423771392488478e-01
-8.762589180815645584e-02
1.552185945960535274e-01
4.567776438937555528e-02
9.758238377947481279e-03
1.000000000000000000e+00
-1.112062325151089159e-01
-5.144217215344371041e-01
-4.450253474624074057e-01
2.191009816762178875e-01
8.569547745005180461e-01
-5.466480764698288253e-01
-3.487287602709767675e-01
-1.039450037201190280e-01
-7.624196786834543937e-01
1.186309503056001691e-01
9.481809305831451207e-02
6.344532108010141336e-01
7.816440131706550165e-01
3.225478585949433930e-01
1.522241934795796614e-01
-5.130393063243781082e-01
4.674862383289823953e-01
-4.486773687812198874e-01
-8.345874078859318868e-01
-8.730090309206826049e-01
-5.373920776830455326e-01
2.446281439522930423e-01
2.601599077520528325e-01
5.826326188337791478e-01
1.389048498641225482e-01
-5.954231338289475151e-01
-1.517918026947097931e-01
1.812841391520270129e-01
-1.000000000000000000e+00
-1.313727657596624465e-01
3.328076111866635767e-01
-4.216079218607926560e-01
-4.275083258191094138e-01
-2.254095706241291963e-01
-2.412605957940019974e-01
-2.888201191928145284e-01
-1.000000000000000000e+00
2.658873520502463283e-01
3.723747949776840538e-01
1.000000000000000000e+00
-1.269643843914264880e-01
-3.253241733630655302e-02
-5.848492636939801592e-01
-5.369859392235796225e-01
-1.000000000000000000e+00
6.575222495745656204e-01
-4.906229077684169659e-03
-3.692433284791256654e-01
-6.072242332075996618e-01
1.242470399774993350e-01
-5.149934014383735770e-01
-1.000000000000000000e+00
7.722568863581674714e-01
-3.654604162453216065e-01
1.000000000000000000e+00
-3.527672958365836442e-02
-5.569664360244105383e-01
-1.086730237828445605e-01
3.086241079640472673e-01
2.843702083108878287e-01
-6.445040000014911064e-01
4.841460420782132679e-01
4.482552936965684687e-01
-3.928532603021431258e-01
1.000000000000000000e+00
2.060512930537493070e-01
5.003641189983268900e-01
-2.590056374419244523e-02
1.626943236952848593e-01
-1.717050805451544038e-01
-5.069279323553984584e-01
5.191711752253100887e-01
4.632145492864201408e-01
-5.695196928595800401e-01
7.942067207007424967e-02
7.250194608396804963e-01
-4.369727116755850460e-01
-3.903886475298351533e-01
-1.000000000000000000e+00
1.077181050547949305e-02
2.157007887609769525e-01
8.140413122834436188e-02
-1.734626902924752134e-01
-7.586782536593394966e-01
-3.352944773055872574e-01
-1.037430555932780940e-01
-2.043886726272210186e-01
3.801821629382679535e-01
4.872053797411358134e-01
-5.447423720425842442e-01
2.484914294095696974e-03
1.000000000000000000e+00
1.176262379867402674e-01
-2.574653261378742619e-01
3.088780112609702116e-02
-4.881358294448109314e-01
2.452425660477096092e-01
9.102101268452932326e-01
3.108977639907618551e-01
-1.000000000000000000e+00
-1.908384623104537048e-01
-9.360548785167255303e-02
5.575576635406157555e-01
-2.631608220486668093e-01
5.667773573100125528e-01
-3.926095313495433711e-03
-7.331719836316875627e-01
7.711070731726121785e-01
-1.729696208974305094e-01
3.227637593258093074e-01
-1.376995160211436087e-02
-1.964826371959538243e-01
2.681371240018317059e-01
4.136024321919944124e-02
-6.655592885704897377e-02
3.440359846056589843e-02
-2.952899726147891757e-01
-8.096343916856586498e-01
-6.410032119403354933e-01
-1.940972431594539804e-01
-1.584161626291119840e-01
-3.514229519543796698e-01
2.586260260237256414e-01
-3.232129907807787528e-02
-1.593663939380624561e-01
5.525769600800978232e-03
-7.776416030942976398e-01
3.857914819664379769e-01
8.207645431017915882e-01
2.486974416260860354e-01
-7.708628295154190679e-01
-2.277821765619633954e-01
1.859396759311132130e-01
9.421799512329911974e-02
-5.864312493562203743e-01
-8.546316926934722780e-01
-5.065496700504522332e-02
3.491630927115798588e-01
-3.301596382555332942e-01
1.918433425149013161e-01
3.982970501266009378e-01
2.479000380708050733e-01
1.273914198833333011e-01
3.232988987345195575e-01
-2.468178209526196709e-01
3.847213973026726852e-01
-1.000000000000000000e+00
-7.270965366110777595e-01
1.027444931593680111e-01
4.149121896312690794e-01
-8.533930736048211951e-01
5.682762862799921599e-01
-2.134849151713154591e-01
-4.317959815161395154e-01
-1.847201413937717418e-01
2.236660987621922336e-01
4.937627228149251701e-01
-1.000000000000000000e+00
-6.495069487443456691e-01
-4.690772740243087657e-01
5.091257162708101580e-01
-8.300612844526944478e-02
-6.101914576509025467e-01
6.963590842649352020e-01
-3.416490013665883785e-01
-3.527247186834481796e-01
1.186481398756343841e-01
7.690536627028834449e-01
-4.977173673950405774e-01
-1.000000000000000000e+00
1.837426461822621454e-02
2.929356366496705943e-01
-3.519521990456487281e-01
-1.104494412397019065e-01
-2.031491080415293721e-02
-4.249485170466558159e-01
-4.066527970081254550e-01
-8.791728001658172253e-02
-5.447627130596549572e-02
5.117520226280055651e-01
6.339501638631381830e-01
-2.694608370961873445e-01
-5.873026865569070942e-01
5.267828966878855823e-01
1.913951721263001948e-01
1.272343960536064800e-01
-6.823086879110278405e-03
-1.000000000000000000e+00
5.576927769616990549e-02
-2.063687335867441519e-01
-5.110309770771300775e-01
-3.902301144706671332e-01
-4.008141536286856654e-01
-2.878028322359356128e-01
9.231990189915040279e-01
4.698871260296238472e-01
-5.003065613244809251e-01
3.038168511521709969e-01
6.997597444776335607e-01
6.562387437221322006e-01
3.280504338803071351e-01
3.234970669864832282e-01
1.709491588645850602e-01
7.339300253823904940e-02
-1.736633429587498834e-01
2.436641360199751083e-01
7.629475857388248183e-01
-1.000000000000000000e+00
-1.000000000000000000e+00
-4.332302415043962629e-01
3.707552436480338054e-01
-3.491992358812668895e-01
7.344872950532631561e-01
-2.677536458778098094e-01
-8.619117437531902126e-02
2.606283877247115299e-01
-2.903052613682161054e-01
5.831432181568774187e-01
4.295534260521226555e-01
-8.685232281091803674e-02
-5.291343140425706082e-01
1.504593516579704748e-01
-1.000000000000000000e+00
3.272720458854072589e-01
7.347694539615317044e-01
4.288438710084548772e-03
-1.795966657779547171e-01
2.374476431697302714e-01
-4.525950337336230866e-01
5.852375569757056750e-01
-6.681386153282067308e-01
3.677891598153540942e-01
1.074424634651383187e-01
5.817326551666792689e-01
1.623928424786032498e-01
-5.762950663433631382e-01
-5.596818757790521515e-01
3.466341082871103874e-01
3.776547048615714885e-01
-6.468041726831719185e-01
6.645124215139839308e-01
-1.000000000000000000e+00
-1.000000000000000000e+00
1.440456838760357794e-01
-5.053132634463219919e-01
1.272088806823285789e-01
7.492265446908928928e-01
-8.336645004659180014e-01
3.211195442768530750e-01
-9.039254503296354493e-01
8.850419370342610392e-01
1.000000000000000000e+00
-6.963525521407449848e-01
-4.223001128450699637e-01
-1.722522250795425203e-01
5.467445608409963187e-01
5.212809179009987304e-01
-1.379291039934919805e-02
9.155050946392249145e-01
-3.147533867251587347e-01
-1.000000000000000000e+00
3.747461347021195377e-01
-7.925860653839102987e-01
1.000000000000000000e+00
-6.908921457675329392e-02
-2.360013249417290404e-01
4.784279237398122303e-02
-2.306647025956774510e-01
1.935307417282736142e-01
-1.156096352906753610e-01
-3.205395815213604171e-01
-6.349938870041885730e-01
3.955380356997043739e-02
-1.000000000000000000e+00
-1.148762342393473274e-01
3.107117091846964829e-01
2.261293936304543117e-01
1.000000000000000000e+00
3.412471957829529834e-02
-1.648794650222698555e-01
-1.591981912008905153e-01
7.206547599311020902e-02
1.579961439277207114e-01
4.232873989245050650e-01
2.374349680530625159e-02
1.000000000000000000e+00
-3.873301981571078412e-01
7.051920885398544891e-01
-2.560025534265989444e-01
2.863532445173193608e-01
6.983326371006802757e-01
8.735501599655695060e-01
3.628016105656597379e-01
-1.172925855930754130e-01
6.011165928897529431e-01
1.000000000000000000e+00
-1.074423650295642518e-01
1.366235375713704681e-01
2.442830117908086074e-01
4.762406812608184492e-02
-9.886271712700378522e-02
-2.978851081548385960e-01
-2.451082978961840464e-01
-3.666298426841026470e-01
-2.930075728789788281e-01
5.641846694988049693e-01
5.479121158504159095e-02
3.778218453898087303e-01
-4.847576807519589082e-01
7.089260310887079974e-01
-2.041068295129349619e-01
-3.247592483486971826e-01
-1.000000000000000000e+00
1.724294824290341088e-01
1.104727685538709758e-01
-4.036638612642682866e-01
4.764431069777592676e-01
-1.000000000000000000e+00
1.000000000000000000e+00
8.018290621090079506e-01
1.093102304849304512e-01
7.317772308996994823e-03
-6.059002096422202444e-01
-9.266659159768356191e-02
2.424521512413719548e-01
-4.451495557895637223e-01
-5.306354932030780125e-01
7.789578224883699775e-01
7.499633090119399714e-01
4.947143236553018242e-01
2.366563421470148088e-01
3.669241490653605275e-01
-8.149662173219578143e-02
-4.482892552468982217e-01
-5.770091316288854938e-02
1.494119964972540349e-01
-4.315486867674790394e-01
-7.033270580079800105e-01
2.807025164685349877e-03
-6.298091406154388006e-02
-1.350636648754761360e-01
9.101029675268321739e-01
-2.774177288176416512e-01
3.838093588917336207e-01
-1.106470430894542223e-01
-1.363602816922767080e-01
1.597689885757551109e-01
-4.763902880164415099e-01
-2.136873819828188914e-03
5.414766210559058823e-01
-8.107255162051947295e-01
1.762785174062694860e-02
7.240672999534863985e-02
-5.077545075566906041e-01
4.553584263478737126e-01
2.168482705547799538e-01
4.347807868320420766e-01
-1.604904225627561409e-01
9.459089602917278850e-01
5.086068795667936238e-02
5.459573529080763432e-01
5.095520767879430091e-01
5.702592886888923074e-01
4.485690731952590715e-01
-4.395754819130071045e-03
-2.572387044597100880e-01
-3.391627040624494160e-01
-7.687442313020487195e-02
2.790408806840881661e-01
-6.847946858328077813e-01
1.559201829373265957e-01
4.060259613282568569e-01
1.000000000000000000e+00
5.977557660122828631e-01
-1.000000000000000000e+00
4.574393785979236071e-01
-4.657420184763902404e-01
5.939503052891202950e-01
5.726409327519529358e-01
6.088450343650047003e-01
-1.817420770915355033e-01
-3.386040044652217640e-01
-6.196291695412479150e-01
1.000000000000000000e+00
-4.256182186694754677e-01
-2.212258480984936049e-01
-2.725557357345745335e-01
5.314676769144039969e-01
1.151583905375408723e-01
-5.547840611435734814e-01
-2.369393400225699442e-01
-1.560176735815653193e-01
-2.095577076337692690e-01
6.902247221443538194e-01
-3.869219321461691563e-01
-4.560228434865078451e-01
-1.893684798317802898e-01
-9.538971057479290749e-01
8.955258019647233114e-01
4.265403872174353128e-02
7.434314152665730813e-01
-4.296639714299922419e-01
5.550365575277860924e-02
2.025105943254452145e-01
1.000000000000000000e+00
-6.774249785410484392e-01
1.167073797657830481e-02
3.328486663004345258e-01
5.071736060588991624e-01
-3.171668956327071132e-01
-2.575014613576661615e-01
-3.182907511367160103e-01
-8.770193166014295105e-01
-2.828528232880019866e-01
-5.771913199468869937e-01
-2.666388831854106245e-01
4.939290647910355436e-01
3.449273684125795381e-01
-4.690185951356849459e-01
6.983538984863384425e-01
-7.316000796936208417e-01
-5.068600921989173669e-01
2.831147016829245744e-01
4.687952280752761824e-01
-5.379207488348630717e-01
-6.151780086003938441e-01
6.019121143634316162e-01
4.778476855057496309e-01
5.145683572010228968e-01
-3.421268826705163857e-01
2.538941155838260744e-01
3.002351675317903035e-01
8.187343991847829683e-01
-1.000000000000000000e+00
2.497457035295759797e-01
1.116608386833423117e-01
-1.000000000000000000e+00
3.043520267244603783e-01
3.956575664629450317e-01
5.368850584295741246e-01
-6.278870118683753387e-02
-7.271747948798477079e-01
4.884174827729209634e-01
1.000000000000000000e+00
3.893307253146800484e-01
2.283894884909062617e-01
4.641738630368247992e-02
-4.588418407867297377e-01
2.534193353552177674e-01
9.578088119569741488e-02
2.296283800172340961e-01
-1.410675523172933710e-01
8.423417561362231409e-02
-6.956071368335808858e-01
4.447670832010363062e-01
-6.716542793644579845e-01
-6.843924771918127314e-01
-9.050173531279365191e-01
-4.111923549353924123e-02
5.692705936770398045e-02
4.533709697405973182e-01
5.740603354552376025e-01
1.931997862445818392e-01
-8.872926505101328409e-01
-1.379775241956699983e-01
-3.834782103755934868e-02
8.387390769119026368e-01
8.321321360847415693e-01
-6.189857772382360013e-01
2.970990265873530434e-01
4.086403452987158458e-01
-8.401900305503778865e-02
-6.888304480108905503e-01
1.849669904109589591e-02
2.124964788726826231e-02
1.924865436235307370e-01
-2.925881853008118760e-01
-1.390631460119124384e-02
9.360548785167255303e-02
-1.028021441699864813e-01
-1.000000000000000000e+00
-3.799254331004784935e-01
-3.614403514636280734e-01
-3.074480721166361064e-01
-3.814655842307738687e-01
-4.262961516656041394e-01
-4.841652904131769630e-01
-2.728021574886806411e-01
-8.754211771366872397e-02
3.572634687795341879e-01
-6.909689415619842123e-02
4.673874101938423342e-01
1.526388324233443894e-01
5.905993194034321325e-01
-1.000000000000000000e+00
-4.923862110135557857e-01
-1.000000000000000000e+00
-3.072696519646552771e-01
4.716865514980866370e-01
-8.974364199671841513e-01
4.614976692674109815e-01
3.485207756772546600e-02
4.593795413259499361e-01
-4.184220649579448170e-02
5.266636103803357116e-01
-2.202140855294488220e-01
8.482769007769838110e-01
-2.212326504387772674e-01
-1.874636212902743015e-01
1.066417187888339113e-01
-1.190398577938711622e-02
7.930510497319943619e-01
-1.000000000000000000e+00
-3.785363683994207307e-01
2.240934519199419550e-02
-1.000000000000000000e+00
7.212471657224208688e-01
9.238670961106354440e-02
-5.751138359762651975e-01
3.833894917594632412e-01
-7.088797513805366046e-01
7.571238036533549376e-02
1.904519250636960703e-01
-9.173197407739966946e-01
-9.416607097260665249e-03
9.069826305013231060e-01
1.000000000000000000e+00
-9.935479672666103212e-02
-1.000000000000000000e+00
4.500754596737308044e-02
-3.964303846699924749e-01
-9.747585063998851496e-01
-8.084111292185267583e-01
2.037687030175929226e-01
1.382455875928650380e-01
-5.574312831243423139e-01
-1.981523053559752778e-03
-7.130818114551902287e-01
-7.239493508542689248e-01
9.695113318925049559e-03
-8.592274829923750579e-01
1.837251152173152713e-01
1.000000000000000000e+00
3.644474554292990165e-01
-2.888539809149149873e-01
7.796054176315136974e-01
4.005383853909761926e-01
2.084607520612719589e-01
-2.990453203759912970e-01
2.669542133416814567e-01
2.310643101915406672e-01
7.191074083155802876e-01
-6.731218436300213659e-01
-2.333812815574214106e-01
-1.025993513924260414e-01
1.000000000000000000e+00
8.285656673348822387e-01
3.461423944182442369e-01
-4.995607512513150494e-02
2.823585206804978265e-01
-4.892936451299381706e-01
-1.694679715212417670e-01
-5.515251967475681694e-01
-9.319144447666292130e-01
-5.854134563469272079e-01
1.000000000000000000e+00
1.186581356949201194e-02
-7.599182830843073111e-01
5.204645127152935924e-01
5.981219132111725845e-01
-5.685804139787075107e-01
-6.481823778341249120e-01
8.510239040822760170e-01
-6.971303989151393932e-01
1.233656625857332823e-01
5.538886708782717605e-01
4.737837059279542684e-02
-1.659834292337449280e-01
-1.746233780593375584e-01
7.982610768114097866e-01
6.982191510670072987e-02
-4.576701532742435408e-01
-1.000000000000000000e+00
8.725656264963523867e-01
3.219829272222832772e-01
-2.490842601537745504e-01
-2.036162319590306691e-03
-1.000000000000000000e+00
-5.062528557000314233e-01
1.574837721882683395e-01
1.822837896938153124e-01
-4.161405181778020657e-01
-1.000000000000000000e+00
-1.000000000000000000e+00
6.506715365586841493e-01
-4.738057654013193565e-01
-3.213156748912386895e-01
7.586318947152564940e-01
-1.360273414713661089e-01
2.004917846623439567e-02
-8.490312312584958887e-01
9.973648564796301630e-02
-5.107378872256959079e-01
-1.555114148468919044e-01
2.073422680609834368e-01
1.000000000000000000e+00
6.758467345712726448e-02
-3.092115400380354151e-01
-4.330689635530515780e-01
-7.674308609885850396e-01
2.610695978594190780e-01
1.403872457749738012e-01
1.739987263062273137e-01
7.478369283201931339e-02
1.000000000000000000e+00
-8.218516074818994488e-01
-3.251816804832584618e-01
-1.589764316592373050e-01
-6.000103138713440698e-01
-4.249549568151216317e-01
1.674080377690258803e-01
1.030063909458410892e-01
1.000000000000000000e+00
-2.323968343857662211e-01
-2.601339245345795637e-01
-6.134576901878739941e-01
1.783113751601707597e-01
-1.270379931610730317e-01
-4.517014237109793356e-02
2.242813669261471410e-01
3.545970006039891320e-01
2.091087153843103341e-02
-8.473733565144553337e-02
-2.491996093481946561e-01
5.853803185887042349e-02
3.590240703871073746e-01
8.623694627349634545e-02
-1.301425519496013372e-02
3.307084577282366766e-02
-5.904930753134830512e-01
1.000000000000000000e+00
8.623100807363145437e-01
2.675440298019675645e-01
-4.299094733095865095e-03
-2.741475173227326256e-01
-3.465272029893488037e-01
9.266926488862770039e-01
-7.979172648070134710e-02
5.649141960547170438e-01
1.790693586350152744e-01
4.891072510152050246e-01
-5.964117775299333513e-01
1.000000000000000000e+00
3.834286297435069990e-01
1.132905350054218274e-03
-6.257671926143738572e-01
8.520208127039712309e-01
-6.049881020888474570e-01
-1.513032350975699325e-01
8.658983074795252310e-01
-3.491721365578683844e-01
1.000000000000000000e+00
-5.673857441262810664e-01
-6.911173602470405131e-01
7.431956184334002069e-01
1.216361289025350290e-01
-3.209636775194204539e-01
6.051760512573604034e-01
1.080821815763412796e-01
-7.128779020612321382e-01
-1.640520090200685288e-01
1.234383157551814242e-01
6.425342436847719663e-01
9.849492033328778595e-03
2.713054882785777555e-01
6.092385772966989188e-02
6.311008680784356839e-01
6.902810842307409711e-01
-9.783028940924527461e-01
1.000000000000000000e+00
-6.452175994889473021e-01
4.074767341608942495e-02
-9.431553638938763306e-01
-4.655423172603523341e-01
4.123070740163253811e-02
-9.360548785167255303e-02
9.408085399451895925e-02
-7.637137875068115977e-02
-2.984758834593796428e-01
4.276254100441126416e-01
-1.933249649714954832e-01
-2.619040179348758879e-01
-7.743116821585238618e-01
-1.000000000000000000e+00
-4.939064839523152894e-01
2.668542319255166051e-01
-1.000000000000000000e+00
-2.574782363045024502e-01
-1.834199394096543423e-01
-1.381192959201504866e-01
1.130001794286379646e-01
2.578968472212299079e-01
1.000000000000000000e+00
2.596277249188111425e-02
2.606286889285509556e-01
3.121581245024547535e-02
1.000000000000000000e+00
5.825326559644505853e-01
8.895979948154109085e-03
-6.258182322219488780e-01
-7.759661970612863335e-02
2.883105776159587408e-01
6.237633871369011596e-01
-2.195300701519070086e-01
-3.838389609661488899e-01
-2.937067056502589146e-01
1.412603479105458137e-01
4.652872534629840517e-01
-4.119879699326050027e-01
-3.095797050787792992e-01
-2.416516683761512352e-01
-4.067759175998479637e-02
-6.768313936508543183e-01
-3.755935269571305524e-01
2.208578593595733330e-01
-5.449374536018438686e-01
6.380584123052062129e-01
-1.999217470362538440e-01
3.249609210426456229e-01
-5.030348769106581797e-01
-3.278482254326218204e-01
-1.055668169111123322e-01
-7.013276318997607728e-01
-5.405820001198224922e-01
-4.832819369682539445e-01
-5.077032038855932017e-01
-4.598822391183790548e-02
1.065989087188147638e-01
-4.366861201505259360e-01
7.736558622843361932e-02
1.000000000000000000e+00
-9.517392405014712953e-02
-3.316902708834227886e-01
2.366197436164960421e-01
3.255990626282790901e-01
-4.074042437857874344e-01
5.614504218940848945e-01
1.255461283224743874e-01
-2.744879205029551184e-01
8.651119190909613010e-01
5.318647877591093920e-01
1.200647563009299978e-01
-9.959982276323056660e-02
3.377795994504917410e-01
7.603270580513573629e-01
1.462279617728978916e-02
-5.305976044107555412e-01
-9.418863390179485484e-02
8.630546689971467789e-01
-1.000000000000000000e+00
-4.421994694129955383e-01
7.237926804578622697e-01
1.586253043491614445e-01
2.260447517517271132e-01
8.329392306315416827e-02
1.448770676304746152e-01
-1.410898624693346926e-01
1.647716636113790711e-01
-1.361774899808160799e-01
-7.414397747286374241e-01
1.000000000000000000e+00
8.180676847605463653e-01
-1.565248830291097459e-01
-1.000000000000000000e+00
-1.395923260599877813e-01
3.432158667205458258e-01
-1.698303619915439988e-01
1.575991806227040326e-01
1.000000000000000000e+00
2.897334492790609173e-01
-1.000000000000000000e+00
6.232570436626987398e-01
-8.165304169929429312e-01
-3.764377608341982206e-01
4.856998588805292449e-01
2.511025813518620309e-01
2.420443463690840069e-01
-3.548765887874357761e-01
4.951960537782034710e-01
8.017500153385174189e-01
-6.873692363170271769e-01
4.665883134365874096e-01
-4.134442379574379545e-01
4.081860626535018799e-01
-3.980665123067333999e-01
-3.127686921343340032e-01
-5.070675747126870969e-02
-1.000000000000000000e+00
-4.965620248415654192e-01
2.908450858300381525e-01
7.979912513743628866e-01
-6.235975330151996565e-02
-5.855909574203839174e-01
2.625295304312796896e-02
4.593115126282131672e-02
-2.818307125226797716e-01
-3.097551701312763472e-01
6.359611449177453579e-01
-6.381816892156366716e-01
6.633823274724161001e-01
-3.240335246527636243e-02
-1.096222196433407764e-01
-3.527944877155063108e-01
-5.394788865889348778e-02
-1.118646184752999512e-01
6.494963221469034487e-01
5.144907676189912626e-01
-4.493192380639822736e-01
-4.372014619266240132e-01
-1.105442160679011993e-01
5.562595081789027951e-01
-1.983798936012990399e-01
1.591246564552866449e-01
7.278109381893841379e-01
-4.286054765737594696e-01
-1.221691830806785894e-01
-5.447301778208338274e-02
9.595286915555953366e-02
-1.194381476018415156e-01
-3.380397850816180272e-01
-2.212329010663020151e-02
-8.229097177543098773e-02
2.788543878399646903e-01
-5.933755694224737143e-01
-6.853250136362731837e-01
1.000000000000000000e+00
2.172788379154623473e-01
-6.924276509784740852e-02
7.448238219480748934e-03
7.324646706768421778e-01
4.022732282214407096e-02
-8.345493850730855145e-01
1.692060243993298019e-01
-3.828447034602971977e-01
-1.443102390917589406e-01
-3.057372710438384100e-01
-4.679166564934393868e-01
3.527806696075623805e-01
-1.797661964977179672e-01
-4.533792875637164821e-01
-5.334983934926745830e-01
1.886690273031502163e-01
7.108669057742555974e-01
1.762803833452992464e-01
-1.000000000000000000e+00
3.109875879849874902e-01
3.205066518950109855e-01
-1.764881843308357956e-02
1.885525857666965899e-01
4.659840567680469947e-01
5.466058934267939984e-01
9.013133010459234429e-01
-4.060263828000042485e-01
-8.403949625176667659e-01
-2.995084467076222778e-02
2.826672579032799004e-01
2.976585470482355777e-01
1.430235131042721375e-01
-5.200825352714413263e-01
-9.526239930959895519e-02
-5.792013805645676028e-01
3.171594318951551639e-01
1.364886850430969967e-01
8.530775393658024397e-01
-6.111593922307911875e-01
-3.512473837042283109e-01
8.788430709869319291e-01
-1.486655613064080672e-01
-4.460405811919291308e-01
2.091951333591316464e-01
-2.229578893293351627e-01
-1.000000000000000000e+00
-1.856249044166506379e-01
-2.494103220454117198e-01
-1.000000000000000000e+00
-7.933051447800926192e-01
1.288697103945324329e-02
-1.896208911925365004e-01
-5.520463209219796941e-01
-3.999125053584839939e-01
-1.811622374690920467e-01
4.311731424878231245e-01
2.493406955089185195e-01
-6.207793126256281324e-01
4.650137209108902714e-01
3.362211321334523939e-01
-8.503669307495329566e-01
2.650057125619122433e-01
4.808467767114417146e-01
-5.867072665551852362e-01
4.325125290458007310e-01
-1.000000000000000000e+00
7.840727617523843840e-01
9.818120306439723222e-02
8.218224772170656944e-03
5.913217923991267444e-01
-2.419715964031481648e-01
4.185162799802500944e-01
4.614170561783038915e-02
2.917127312972097597e-01
-7.835666728175634532e-02
1.088116288109332724e-01
2.219581998521639732e-01
-1.000000000000000000e+00
1.693633558030941400e-01
-4.603474898520985154e-02
5.927613952037287248e-01
-1.000000000000000000e+00
1.000000000000000000e+00
5.207993518948287326e-01
-1.289362781523904489e-01
-4.321660239501466383e-01
-2.489338882692888888e-01
-8.952523843481650090e-01
1.622030076531194229e-02
-9.013005207303920185e-02
3.284034366055288978e-01
-4.879409356570978407e-01
-2.024623494595779172e-01
-5.864027900676244132e-02
-4.664807356972043295e-01
9.360548785167255303e-02
8.818432049056379451e-01
6.990102519352742183e-02
4.296649039892889710e-01
4.442045976746544778e-01
3.149670886154603000e-01
5.361011535188526383e-02
4.194413810091070505e-01
-1.783090780995345015e-01
8.739166846898137608e-01
-1.725030747743939996e-02
-1.000000000000000000e+00
-2.313247898338756103e-01
-3.697816749278977078e-01
3.194727184987543600e-01
7.309217698267775898e-01
-7.049963972474682095e-01
-8.285426965846405256e-01
4.159935721526952790e-01
6.771738147119177320e-01
3.149849431761608809e-01
-3.817898694012152316e-01
