3.290461892214556205e-01
3.825328742680341176e-01
9.989164405097006316e-01
-1.000000000000000000e+00
5.168585287300239139e-01
1.000000000000000000e+00
8.578975830706527805e-01
-1.344139829731636482e-01
9.258480051063346927e-01
2.336719027610442700e-01
7.562692184640925630e-01
2.363167822247375094e-01
-5.195381334619573327e-02
-3.030408117528285983e-01
-5.708274043233794171e-01
8.659410575391170151e-02
8.235777331042670735e-01
-6.655972808112412542e-01
1.687476283736941696e-01
-1.574421241973801289e-01
-3.897727143773559999e-01
1.117485007590302837e-01
1.073466168719718061e-01
5.165860203775984871e-01
3.814292155421287189e-01
-3.005128135545488341e-02
-6.680567748905265058e-01
-1.053335901704484656e-01
-3.434441990938172928e-01
3.512329376314483609e-01
-7.316150593519393786e-02
-1.962873323384572433e-01
-1.765592053476639500e-01
2.318337172401009894e-01
-2.314599470012938531e-01
-9.666273399205363992e-01
9.326016050181346051e-01
3.586794023322711911e-02
1.000000000000000000e+00
-3.248906186350572489e-01
1.000000000000000000e+00
8.604669021257408401e-01
-6.067108438103087087e-01
-1.000000000000000000e+00
-4.275676281291120873e-01
9.273877953446839628e-01
-1.168952152192729160e-01
-4.699543787024999808e-02
-7.250194436428061828e-02
-9.916217320056247564e-02
-7.160733812205667403e-01
-1.000000000000000000e+00
6.085020871455724123e-01
-1.250034045978905550e-01
4.814140912473147127e-01
3.711550205922620194e-02
4.695520611839792413e-01
1.000000000000000000e+00
9.250582840159444764e-01
1.210276361004716805e-01
-1.000000000000000000e+00
-3.719430985908576959e-02
-9.368934055198140376e-01
-6.269732361388831166e-01
-5.667833214233868322e-01
-2.248208993560965596e-01
-1.000000000000000000e+00
-9.903441947663405021e-01
-4.497908022239808790e-01
-6.983590503929493210e-04
-1.000000000000000000e+00
9.108635850691261249e-01
5.140406322114724480e-01
2.565815634691172020e-01
-5.901651311307196668e-01
8.748749130246356032e-01
5.518719924027128965e-01
7.945342522912904326e-02
2.669699529918544423e-01
-2.141554687927693656e-01
8.716522108898627774e-02
3.642972349058517384e-02
-8.728920758217115772e-01
-3.211815204571549232e-01
3.434625599152841269e-01
8.022244659004927891e-01
-7.544290366455321806e-01
8.764999845708505433e-01
6.673388977430780300e-02
1.000000000000000000e+00
1.000000000000000000e+00
-9.922196777828856673e-01
8.036043728095552119e-01
2.193101884904614662e-01
-6.721086000759934898e-01
1.220898138459482751e-01
3.044500886136117246e-01
-1.000000000000000000e+00
-9.890292581236437286e-01
-4.556052105005699571e-01
8.868688462580759380e-02
-1.288443167189019523e-01
2.166014213875988859e-01
-1.000000000000000000e+00
9.996354443705730564e-01
-8.828088565095990048e-02
6.836648764400173883e-01
2.533157140838401822e-01
-7.377388149233742032e-02
6.061596863944308522e-01
2.526660708021655211e-02
4.614940796888991059e-01
-2.341541132793889535e-01
-8.945410096633749086e-01
-1.827707230951928496e-01
9.920379280790152521e-01
-6.363690166513781277e-01
1.729325159492518804e-01
5.671160006156950040e-01
-3.552733822183274381e-01
4.265756363195903900e-01
-1.000000000000000000e+00
-9.991364269677491805e-01
-1.728645113710293169e-01
-6.295976856160212520e-01
2.864538814366636085e-02
1.527134267499943576e-01
3.049274066466005628e-01
8.951114384781603261e-01
2.817593436473940227e-01
5.438219460459687848e-01
4.019032989637119635e-01
1.446028194999878502e-01
8.533947241360322067e-02
4.504364977182480634e-01
3.137701678482681111e-01
-4.096042516785547982e-01
6.637008825151238245e-01
-1.000000000000000000e+00
5.508082049940760117e-01
-7.285804260917837505e-01
7.649605860238900545e-01
8.250405625239959351e-01
-2.615418252190893078e-01
-6.091642630830924610e-01
9.945806399041035029e-01
1.000000000000000000e+00
-1.361690757309651501e-01
1.487910925536061468e-01
9.689628635834279802e-01
-1.000000000000000000e+00
5.637060653504196717e-01
-9.996269697298775236e-01
9.224727387869098294e-01
8.081333539952304523e-01
1.000000000000000000e+00
9.874729660739288706e-01
-2.456245058295472572e-02
-6.434223746291084511e-01
-9.453983821442796254e-01
-1.484160367254607760e-01
3.648860788700609703e-01
1.461232146241853158e-01
4.141850684758805468e-01
6.399572256447990659e-01
-2.565470410791607092e-01
-3.581817380409930696e-01
4.395760548246295252e-01
-9.910189458604994339e-01
-7.159877242634505867e-01
-2.642033006299326914e-01
2.550608865404999093e-01
-5.108188394028505552e-01
-4.925019046332674844e-01
8.339332261609689878e-01
4.310559843466431618e-01
-3.487060352806403141e-01
-1.398630360834652864e-01
-1.700555074515566201e-01
-9.357240535400942472e-01
-5.426472491058323966e-01
-9.872677737216341010e-01
-1.000000000000000000e+00
-9.322063346080714519e-01
8.743860172098456562e-01
1.000000000000000000e+00
-9.956626591423944905e-01
8.729875285373227545e-01
5.619448831362202634e-01
-9.128307853610586609e-01
3.513619698541167735e-02
-4.150745167401694857e-01
9.125438976415113368e-01
-8.564055993386913979e-02
9.572571135065293113e-01
9.674509941010277503e-01
2.511448935239973812e-01
9.878175667974744556e-01
-2.450903599716165449e-01
5.493675541001814544e-01
-5.593458338715512346e-01
-9.961946048056143921e-01
-2.378442826269380750e-01
-1.000000000000000000e+00
5.521380194043320477e-01
-2.611764820469899551e-01
-1.000000000000000000e+00
4.572162988422215912e-01
9.372154821254735646e-01
-2.389407335100392216e-01
9.228401391517053742e-01
8.110854394854734029e-01
-8.923585478591096465e-02
9.541510930117382827e-01
-5.241557934797941298e-02
-1.000000000000000000e+00
-4.484633992289783211e-01
-1.000000000000000000e+00
-1.753364854071453871e-01
3.811019080910216794e-01
9.689146809117041848e-01
1.000000000000000000e+00
7.597908795651986402e-01
6.729065036190572391e-01
3.551275017552869753e-03
-9.600037588496697361e-02
-4.907466719683285516e-01
-9.288526216006277592e-01
9.843259995501321136e-01
6.805575974889213620e-02
1.000000000000000000e+00
3.135679924744976255e-01
-1.781234658213209920e-01
3.117683977385483640e-01
9.953059112543324316e-01
1.990507056129161012e-01
-6.869991276672150482e-01
3.886076262181438479e-02
1.000000000000000000e+00
4.202816077151373397e-01
-4.376665197862018575e-01
6.458072500749260925e-02
-4.135169827516499974e-01
4.194077125857368360e-01
-4.763767447812979339e-01
1.000000000000000000e+00
3.207698362980843099e-01
-6.099724791620310047e-03
-7.005257902470937159e-01
1.000000000000000000e+00
-9.870816059363238804e-01
-9.158104958651918093e-01
9.946267210999305552e-01
6.135132977417350197e-01
-5.745680260910117632e-01
-9.216197904767956528e-01
1.000000000000000000e+00
7.340264423913318570e-01
-6.414645405475444262e-01
-9.735637371907351900e-01
4.387885429850397756e-01
-3.716315861803948795e-01
-8.766559542603182820e-01
9.897585340374285279e-01
-7.443586251898719475e-01
5.224407222707307952e-01
9.173060158700958588e-01
3.594331430354000267e-01
9.683601138442556877e-01
-6.916955159890323390e-01
-1.000000000000000000e+00
-5.803118270217423325e-01
-3.544652634394385854e-02
-8.016447666746666645e-01
-5.004953662469795450e-01
-1.161824537529363432e-01
1.000000000000000000e+00
1.722104488625116336e-01
-4.713784966026698942e-01
1.264731968569373921e-01
3.977420181656859399e-01
9.909438359274849173e-01
-6.444988034895626772e-01
-5.804333191735143727e-01
6.022902124676079993e-02
-9.686903322216555701e-01
-4.757816781420496355e-01
-3.701965500241387041e-01
-8.016267380221495653e-01
9.314948019212594410e-01
-9.874686729682882191e-01
-1.440023427495431829e-01
7.578825628573283568e-01
-9.983153352412353909e-01
2.792050665946016474e-01
3.836181091148607725e-02
-1.000000000000000000e+00
-6.889633917622757231e-01
-7.037265243045018881e-01
-1.000000000000000000e+00
3.788515181947588184e-01
4.219015047079066605e-01
-5.227551062493942524e-01
-6.483226838928607405e-01
4.753987070389144032e-01
2.078897998922180079e-01
6.750614334201858746e-01
2.212769789030759604e-01
9.250547918736663489e-01
3.667341825977261660e-01
-4.290246319142402287e-01
6.627641619486286384e-01
-2.197662599819353441e-02
3.937283681832839388e-01
1.000000000000000000e+00
-6.123456707607719540e-01
6.826138991635628539e-01
-2.993561967198615781e-01
-1.927046376072180656e-01
2.273577881855357863e-01
-8.009026918920940652e-01
-2.555594958377729875e-01
-4.185499624131652219e-01
3.499464188962846389e-01
1.000000000000000000e+00
-7.861031874456104740e-01
7.641562733774294458e-02
7.213378845485722834e-01
9.360229998754466818e-01
1.461392017844715396e-01
9.193988804454933383e-01
7.295050797897593142e-01
-2.305952890602737948e-01
4.299257089959855338e-01
6.202977045300460679e-01
-6.387139144274698310e-01
1.605611453558489776e-01
-4.670010109856080338e-01
5.112992037629991715e-02
-7.962804186776194504e-01
9.364941372693953436e-01
-5.709547533401365671e-01
4.173718722383261692e-01
9.471676759687277514e-01
-3.396611980616838222e-01
5.907498282937901912e-01
2.241526362837364950e-03
9.936535966460429137e-01
-5.388003879912860866e-02
3.995429367692671097e-02
-8.277884867690066262e-01
1.000000000000000000e+00
-7.574584709554503803e-01
1.266221093669837594e-01
-5.816799820987216263e-01
-6.024148637958253172e-01
2.799691573347461437e-01
-1.982490825984752347e-01
-1.000000000000000000e+00
-3.883392844767387664e-01
-5.944732383018141997e-01
-9.482405960085353858e-01
-2.938323199448883427e-01
1.637166435187751845e-01
3.353751602777347296e-01
-4.097892228830504191e-01
9.028833030692609007e-01
1.793693631970392499e-01
-5.428688808843475933e-01
-4.489171162228194900e-01
6.502481619550734004e-01
5.377453057951041560e-01
4.526531452272508083e-01
-7.528789912786750804e-01
-4.021286642076583595e-01
-4.252691712407992153e-01
-4.146186237085791593e-02
-3.046583738403479402e-01
1.134993124478480553e-01
6.588626078841670897e-02
3.565241296885565854e-03
5.635831314769943479e-01
2.125014865085116944e-01
2.888636820032662866e-01
5.400977340568363649e-01
-6.727204268682630550e-01
1.890688681647700597e-01
2.257236544250445509e-01
8.327300714201392451e-02
9.655510032302119239e-01
9.606831294454909465e-01
-7.341310425571417886e-01
-3.691409656482070312e-01
9.065347956151431630e-01
9.115589551490543840e-02
-5.512121601295771889e-03
5.660058969487311575e-01
-1.246460785832598228e-03
-4.697826717449173350e-01
6.422596846659972547e-01
6.334839229291767959e-02
-3.324459174029201769e-01
1.926179569518602364e-01
-1.000000000000000000e+00
-1.000000000000000000e+00
-1.189757336154541878e-01
-9.705799582994155406e-02
9.659487707322982342e-01
7.523630181215593682e-01
-2.743380966632431028e-01
-1.000000000000000000e+00
-1.000000000000000000e+00
-8.340854994260626931e-02
-7.040888511071792255e-01
-2.348331584892326129e-01
-5.507339296742181922e-01
-6.959941390618165080e-01
-7.364543841463784268e-01
1.434922901840113632e-02
-1.167995428518474044e-01
9.131701011551764946e-01
-2.318467842125095796e-02
-3.621068456159297622e-01
1.000000000000000000e+00
-1.528049352976376396e-01
-2.345124785278494550e-01
-4.476253872589380234e-01
1.421213079671097834e-01
-1.667568751657820814e-01
3.778939496568244349e-01
-8.670938053080778918e-01
-2.597482054725659961e-01
-4.543330565246327390e-01
9.396191999077535550e-01
-3.537268779143252218e-01
-1.000000000000000000e+00
3.134053962759140166e-01
3.994519332499646969e-01
-2.008471350490337037e-01
-2.122034212499903094e-01
1.151607460971992847e-01
-7.604618892561432197e-01
-3.255195221890470059e-01
6.052631896490147101e-01
-1.484337841547510861e-01
-7.430703878985652766e-01
-8.216579344348973191e-01
-1.078891434085788373e-02
-1.090082192337997746e-01
7.799518437675106997e-01
3.981956080166814682e-01
8.081957606002944106e-01
-1.670347182273095588e-01
1.981341187786732350e-01
1.000000000000000000e+00
-5.977891713709477806e-01
-9.183597311374440686e-01
6.705204015402552731e-01
-8.076899457857865394e-02
-3.225678438167819406e-01
6.022999348907758649e-02
3.757687483686024121e-01
1.660709737528301422e-01
-2.637646745717918059e-02
-9.473687118148342856e-01
1.000000000000000000e+00
-7.789693053019663971e-01
-1.000000000000000000e+00
-1.248126732711534737e-01
1.183073602365862648e-01
1.000000000000000000e+00
9.894875980747164235e-01
5.445050597304480489e-01
-2.504819601585919764e-01
3.762583313717555722e-01
9.545198930263864012e-01
-2.360046666561784190e-01
1.000000000000000000e+00
3.373768355208146552e-01
7.239200128096103803e-01
1.000000000000000000e+00
4.888407656945492619e-02
-3.199597651764425343e-01
-4.232024156599422521e-02
-1.557442783686725229e-01
1.000000000000000000e+00
1.538243487764386075e-01
5.007255380614562823e-02
-1.960481882740378323e-01
4.536472795667104152e-01
1.773403251171389028e-02
-5.878741671077830633e-01
4.749001447897585049e-01
4.045713253524096387e-01
-7.444214139201802416e-01
6.474650177524958750e-01
8.217492222089567422e-01
2.264819127570197044e-01
9.875400939246623544e-01
-1.000000000000000000e+00
-5.016838026477061785e-01
-4.409301239877030931e-01
-2.585383144058709393e-01
4.520708632902094015e-01
1.639403808162438747e-02
-2.827449651579947987e-01
1.741779237575770412e-02
-9.955271455179677265e-01
-2.435835355309609596e-01
8.236300929542414995e-01
1.208339143592293691e-01
-8.339955054340096874e-01
-8.744781321716981193e-01
-3.237275984643591675e-01
6.543358360222406578e-01
-4.315991645316322178e-01
-4.316476631497614402e-01
-7.891814062001895058e-01
-1.000000000000000000e+00
9.208315614880597799e-01
9.445540231261867481e-01
-5.273372919774723666e-01
-3.506080771412761754e-01
-4.806713514138657439e-01
9.534527519218787273e-01
1.542041857048479792e-01
1.000000000000000000e+00
1.762519053056336160e-01
-2.975609384373952698e-02
-8.774896291189862030e-01
1.528067184959814029e-01
-9.849396639122141028e-01
-1.053423491374222143e-01
6.602588779645037764e-01
1.000000000000000000e+00
-5.820436756393287947e-01
-8.639270744388275469e-01
-9.946993671148743887e-01
-6.484007356572301095e-01
6.200593572656977470e-02
-1.000000000000000000e+00
9.746973617949036273e-01
2.318338365518369248e-01
-1.000000000000000000e+00
3.588647802246898721e-01
9.699510136246010106e-01
1.357611289001451338e-01
3.893093212294013727e-01
-1.790006469980700773e-02
9.524429160900355074e-01
1.000000000000000000e+00
-4.006860132433615607e-01
4.088878551300401676e-01
8.856803780892873457e-01
1.786076631381372792e-01
-5.016496207711440558e-01
-1.138175744884248747e-01
1.122953841982858858e-01
4.525789131793623438e-02
-1.000000000000000000e+00
-8.982033018929194146e-01
-1.000000000000000000e+00
-7.289221276623063517e-01
4.166376059698873036e-01
-4.654936792618296071e-01
9.764302909637825323e-01
1.816702521149847760e-01
-1.088384593560876717e-01
-1.889073371491641617e-01
-1.493448825333767715e-01
1.208753942596302589e-01
6.410471909318804506e-01
-4.117592513683239197e-01
9.886759299726097794e-01
-4.228057488945934916e-01
5.074183798007374513e-01
-3.682281684783719200e-01
-9.541354255510507976e-01
4.834380846648111962e-01
8.591949428877743156e-01
-7.994632280970782601e-01
1.374449142629392828e-01
8.412513298977711829e-01
5.404143524325566439e-01
3.805657398863466212e-01
-1.000000000000000000e+00
8.138892766059657724e-01
-3.673433110141911540e-01
1.984317963004696705e-01
-3.922027009944770159e-01
-9.884707718816228006e-01
-4.317068919116958114e-01
-4.529419904361317584e-01
1.000000000000000000e+00
-9.105904917310012614e-01
-1.000000000000000000e+00
-5.516798342159778823e-02
9.738782300361090716e-01
-7.116290388657484645e-01
-1.000000000000000000e+00
-4.893595979220715653e-01
9.904207370204116678e-01
3.614731815970446266e-02
-1.133677528646339916e-01
-5.828500018329615395e-01
4.515018124142837763e-01
-2.934863482607113494e-01
9.923402427498052569e-01
-1.849444272542015155e-01
-2.636327971417901650e-01
-9.085333266573843158e-02
-4.863327272609012653e-01
-2.486837125191533882e-01
-7.724018232353935254e-01
8.889196892155580842e-01
-4.865125055651398078e-01
3.500406755041091111e-01
4.774630022517541983e-01
2.035293279778369047e-01
-3.114070064977877417e-01
9.879830841112167139e-01
-9.524203332987645210e-01
-1.000000000000000000e+00
8.648897432845799038e-01
-9.050942969126508919e-02
-9.663344511361435796e-01
2.267371590001606152e-01
-3.801472912831370676e-01
5.066244548047484919e-01
1.610682805661332040e-01
2.965925071698888305e-01
-2.588908144196112593e-01
-9.229201410796147309e-01
6.743664812641579909e-01
-2.408995008113019864e-01
-4.769337129998889035e-01
-1.000000000000000000e+00
9.301886789642733744e-01
-1.701858200537637589e-01
-7.256685608840958146e-01
4.711898812019574834e-01
6.262389283750066094e-01
8.927713667698460309e-01
3.410760326522440655e-01
-5.202794293187675834e-01
4.502011184187940662e-01
1.651190168119892610e-01
1.800088665996520398e-01
2.688823641146596000e-01
-8.358498597622324722e-01
1.278577544271108646e-01
-4.063088134325387180e-01
1.000000000000000000e+00
-9.690343603295792363e-01
-2.452278775555736812e-01
9.362611320238179990e-01
3.386810683469774208e-01
-9.866561391091821509e-01
9.776928396994714054e-01
9.340081607791771434e-01
2.954103950166226955e-01
-5.908212757021090722e-01
-2.527010173204880666e-03
6.253239683168788643e-01
-3.102390947367615892e-01
-3.905472707371271390e-02
1.000000000000000000e+00
2.099489727048375332e-01
-1.000000000000000000e+00
6.896875860425338844e-01
7.611797221542900838e-01
-1.000000000000000000e+00
9.485498469121649290e-01
5.342889237073193964e-01
-7.468829637876277516e-01
5.101448520653275587e-01
3.228874374089565347e-01
1.000000000000000000e+00
-7.029450603660711838e-01
6.126058689793054679e-01
-8.192222718904771384e-01
2.615302919706903317e-01
6.312768961776903387e-01
-4.588873474267145536e-01
-9.944784614239112752e-01
5.773079949932220511e-01
-5.890268810173523439e-01
-3.851736952333091879e-01
-3.499732115445440273e-01
-1.000000000000000000e+00
5.292051610636095971e-01
9.921874105132071353e-01
-8.253378053737311926e-02
-1.000000000000000000e+00
-4.853462104662202292e-01
3.945104497922212738e-01
4.925961810360366955e-01
4.907115734568273657e-01
-4.933401283670826309e-01
9.238722773701808499e-01
-9.249643735004862144e-01
-5.701150320322079246e-01
-9.837383788200405599e-01
9.161297016119791525e-01
1.000000000000000000e+00
6.577836763044843105e-01
1.481184876649915827e-01
-6.564103207372240512e-01
3.717356736315312049e-01
9.027915270980851892e-02
-6.404181022994116512e-01
4.794780684736340559e-01
-9.968072839696412446e-01
-1.361159899826844544e-01
-2.643667891249452118e-01
2.962633910972828910e-01
2.102126143068168418e-01
-1.198502168916243116e-01
-2.703782711021456286e-01
9.369135904278249605e-01
-5.641732818779406911e-01
3.222527140888309383e-01
9.658008506390370895e-01
-6.571022033390843120e-01
-9.884762283183319287e-01
1.193992411916946911e-01
-7.602019476355448280e-01
-5.868006839212169812e-01
-4.370262856697178511e-01
4.689850118677607038e-01
5.388355260527730867e-02
-3.262142852003677707e-01
1.432006977972550554e-01
1.812504187696486468e-01
-7.552120011996356075e-01
-1.000000000000000000e+00
4.121370067901145018e-01
-9.013097292006663208e-01
-1.000000000000000000e+00
-3.922587757976012668e-01
1.000000000000000000e+00
-6.777901407008719570e-01
1.091718924858542800e-01
-9.382687741085482536e-01
-9.855177147422226058e-01
-1.000000000000000000e+00
2.209045762961495130e-01
-3.968281350207236019e-02
-5.041140606577312333e-01
-1.820141244765279553e-01
-3.499608358968389621e-01
9.069047399585516978e-01
2.249315780658450031e-02
3.732839490241829927e-01
-3.100405905222107794e-01
-4.023202121345975102e-01
4.971074849336921675e-01
3.868260002012340881e-01
1.506089048970363775e-01
7.411019689355922146e-01
-7.422755313594217030e-01
-2.324262786453820673e-01
7.777960538528970735e-01
-2.766959754437972041e-01
5.192068767694806297e-01
-4.401976504129674894e-01
-1.730880740862411338e-01
4.900314137118620406e-01
-9.710857297071251448e-01
3.941468367707647302e-01
-7.912901923662242210e-01
9.746472373338777029e-01
-1.638290599675144565e-01
1.692687231585655594e-01
6.913384680126128945e-01
-5.813054248143515457e-01
-9.881316492294553999e-01
6.129499232336151904e-01
-4.000853503238885334e-01
1.000000000000000000e+00
-9.834739064384100393e-01
9.967524070911779610e-01
-5.593556327318026378e-02
-7.232883159933868322e-01
4.816068060142118523e-01
-5.481655723133964653e-01
-1.000000000000000000e+00
1.000000000000000000e+00
9.667750656627890349e-01
6.444842242582279335e-01
1.640386395006703801e-01
3.376246049471109956e-01
1.000000000000000000e+00
-7.226543373842323481e-01
-7.108003119636174816e-01
1.000000000000000000e+00
4.553441434451493963e-01
-1.407889535697220140e-01
-8.856023759316397070e-01
-3.348362168869720712e-01
3.748986382183263633e-01
5.357319570396031905e-01
-1.000000000000000000e+00
-6.706313237764993662e-01
-1.000000000000000000e+00
-2.553996009430238856e-01
6.963264543516581861e-01
-1.514457499842739308e-01
-8.463918177596472248e-01
-3.751157365350523687e-01
-1.459571019988721852e-01
7.417579432792166250e-01
2.927639750640693705e-01
-7.354801910632355888e-01
-6.896352797378765276e-01
-7.224166311150184150e-01
-1.455032251346690952e-01
-5.001717285091162868e-01
-1.000000000000000000e+00
2.792755117224433176e-02
-3.389299510609826149e-01
4.957142596744213425e-01
-3.041448684022325377e-01
-1.000000000000000000e+00
-8.937391562683809632e-01
3.162614999424399609e-01
4.829686896375585681e-01
-8.579438790222164712e-01
8.749561342467455649e-01
-2.863575522273610341e-01
5.169498522296831489e-01
5.343277787322955330e-01
-3.717004599766840500e-02
-4.878927013847157990e-01
3.168882124264313926e-01
-5.929990274718923704e-01
4.892894191692589434e-01
1.742450783719330931e-01
-1.628497063281616475e-01
7.983107221907390638e-01
-8.347579950768163615e-01
-2.976100745274193882e-01
3.965395902495083558e-01
3.510815803504993560e-02
6.452929619138175754e-01
-2.429984209083737023e-01
-5.529769076236267233e-01
-7.671158728292448714e-01
9.308125500278737752e-01
4.227678562435047693e-01
1.000000000000000000e+00
-6.671531819720927237e-01
-6.293989926093758180e-01
-3.978187809118381990e-01
4.647814132610606497e-01
8.958348890521170560e-01
-1.000000000000000000e+00
3.518696669558931678e-01
-1.758454939684627183e-01
-2.867396201573760850e-01
-8.845039562261278743e-01
-6.587469587966219287e-01
9.974676929809709325e-01
8.091289952742642955e-01
-4.529993836229520565e-01
4.769876610209760615e-01
7.680231073024398891e-02
5.982654646829813627e-01
-5.876065783767296935e-01
2.255322599768757041e-01
-9.968653589917451097e-01
-1.000000000000000000e+00
-6.115093678908827268e-01
-6.964762952052099276e-01
3.149713717056387696e-01
9.949287587776534103e-01
-5.166390803123202535e-02
-8.864170223036840768e-02
-1.792408822198851559e-01
7.099721984691298449e-02
5.908349158272148127e-01
-8.971808596743406916e-01
-6.332691203873542785e-01
-3.430559094955832888e-01
4.330300698026349759e-01
-1.641034339636969486e-01
-7.381191593339241075e-02
9.993920816495180937e-01
-9.636794204721444990e-01
-2.562088103665613459e-01
3.458752329438987139e-01
8.792574387943316028e-01
9.549470637619941193e-01
3.416848317644924915e-01
-5.663269188911986829e-01
-5.062280927638228567e-01
8.782307339200147167e-01
-1.000000000000000000e+00
9.141464348848045152e-01
8.766871587046255465e-01
6.109645348485424066e-01
-9.905995484896406023e-01
3.768120495937091752e-01
1.000000000000000000e+00
-1.000000000000000000e+00
-2.098292041537372365e-01
4.063888391811358303e-01
2.974781725427362855e-01
8.766168672365565184e-01
7.504885224338359029e-01
-1.000000000000000000e+00
-8.806871269393569124e-01
5.146070035161250944e-01
1.000000000000000000e+00
7.950385853165368166e-01
9.852382740479324053e-01
8.745577546427266702e-01
1.200816094697204628e-01
9.063569766515553461e-01
-3.958769014542934950e-01
-9.611824353348253913e-01
8.592923975686311833e-01
7.048026061728260294e-02
-1.699582700923506495e-01
-7.818810661429438369e-01
-8.625049406473672686e-02
8.689655624136568557e-01
1.000000000000000000e+00
-1.000000000000000000e+00
4.573341186777613587e-01
-9.620261430229521959e-01
-2.894293812373137098e-01
-4.900949837544177901e-01
5.301278926761078258e-01
4.215207920840449707e-01
4.571609548250546440e-01
7.044740986388687842e-01
-3.171325473718896726e-01
-8.935759917451742140e-01
-5.053264132719011981e-01
-3.746296397801232581e-01
-6.821227377470016062e-01
-5.712323905560676707e-01
4.007341739197078367e-01
1.956811133454465224e-01
5.485902174937841158e-01
-9.926569065287953464e-01
-4.701081114963769347e-01
-8.927828326310371931e-01
-8.934958861525131579e-02
1.074824741532029448e-02
-8.949121331655413014e-01
-8.322578237376817567e-01
-2.163668715352600747e-01
2.755834683377229588e-01
3.352148251522590328e-01
-6.658662504280994376e-01
9.894555726018486874e-01
-5.024833918954617340e-02
-9.444305828014774029e-01
-2.040052419896961067e-01
2.639647088308703649e-01
9.213789329272841222e-01
-6.802336259762684079e-02
-3.335440806786568180e-01
-3.599114377836186707e-01
5.396007733381953664e-02
-5.085837548401561659e-01
-1.000000000000000000e+00
7.177120324455612543e-01
-2.283391199462199428e-01
-8.700781345053676397e-01
9.485697472536603891e-01
1.840702398497132825e-02
-2.000394263680689011e-01
4.678265917826737730e-01
-5.525914575764787617e-01
-9.941755495237525331e-02
4.456702917096170835e-01
1.000000000000000000e+00
7.725769158694815175e-01
-3.286210026604506895e-01
-7.268951789375479589e-01
-5.401565225256503844e-01
-8.466127210527145397e-02
7.185492889518492188e-01
8.291072892956605211e-02
9.595245860419895911e-02
-5.658994946602067255e-01
-6.189354893983894934e-01
-6.641714172102884950e-01
-1.000000000000000000e+00
4.976694548365342974e-01
-6.399654527647719027e-01
-1.573320756417843566e-02
-9.605205001427870037e-01
6.448095357367895630e-01
-5.095414929149075789e-01
-9.874433738695617135e-01
7.201817556529104269e-01
2.741587892044851094e-01
-4.842921438050490357e-01
-8.540170666236552854e-01
8.542607446857858333e-01
-4.639254322541866982e-01
4.296853968632901588e-01
-4.555734270180800127e-01
-5.712526750095633377e-01
7.368082763273390290e-01
-5.149008699759728414e-01
1.634755684411128840e-01
7.042882059336360578e-01
-9.068510804201377340e-01
3.316576405300386554e-01
-1.000000000000000000e+00
-7.618506429985085759e-01
-3.649378119176033830e-01
-9.854315527569181832e-01
-3.429524347985208887e-01
-9.457783402572390585e-01
-5.515571806455268344e-01
-1.145194091079743126e-01
6.073189322182912520e-01
3.192815223969187044e-01
7.845992345670479984e-02
-6.079267371024851263e-01
5.945126967873308743e-01
4.568493351398937308e-01
-5.999477616182585793e-02
2.754020039721019053e-01
-4.524326294438629770e-01
-1.987327143643455862e-01
1.000000000000000000e+00
-5.644641520790460998e-01
3.971106921067498186e-01
-2.534838368094933236e-01
4.616028825930462709e-02
6.875564376503718877e-01
-7.276395027492357781e-02
-1.000000000000000000e+00
3.898064857263896510e-01
-9.210371398009405963e-01
1.778745076533658209e-01
-1.000000000000000000e+00
6.197139190849839663e-01
-6.700381317545495152e-02
-4.067305017210725016e-01
2.280241901323074860e-01
2.512750693798430635e-01
-1.564685322142053414e-01
8.175548867423048094e-01
-9.528932505347060822e-01
-1.000000000000000000e+00
4.730571067557060028e-01
-2.476582663197095524e-01
-2.468266503926004052e-01
7.319640536207239201e-01
-2.624203020704853340e-01
1.778157363209801126e-02
9.337142916554842520e-01
-9.985804391677778336e-01
-1.000000000000000000e+00
1.945261764143213501e-02
1.460386992819375507e-01
5.884685199246381115e-01
6.243836445976833627e-01
-9.338816576483210952e-01
5.693071051814250216e-01
-9.273364737491214260e-01
5.357129242130684865e-01
-1.684636479011462629e-01
-5.346754066802438254e-01
-2.016083308375973548e-01
-2.445729131784420973e-01
1.044026869876068658e-01
-5.854074096859172016e-01
3.680750629475627034e-01
7.657177371335879834e-02
1.000000000000000000e+00
3.439211015248337389e-01
9.778706564952376334e-01
-6.099230669506117142e-02
-1.222912601415719613e-01
-3.419204133212658814e-01
1.000000000000000000e+00
4.912494380201782862e-01
-3.701312695767836614e-01
-1.000000000000000000e+00
-1.387169130564820940e-01
-4.262124192843567139e-01
5.181739739747177609e-01
4.921327756139316084e-02
-3.512898935423327540e-01
2.499890460047678453e-01
2.683686181815744254e-01
2.072217528917081122e-02
-4.820017341718229459e-03
-9.015197704735208872e-02
4.081306478404242433e-01
5.276819027702868148e-01
-9.019198361639859662e-01
9.410822277142170122e-01
9.386306492405115387e-01
6.664501854999705932e-01
9.486421122616465196e-01
8.079273917947810135e-01
-9.990652188621518270e-01
5.524199797308530779e-02
-1.079749768233332352e-01
-5.820448820847891058e-01
-7.318014688478973184e-01
1.423943734030043151e-01
-6.634558952118135844e-01
6.344048389111889286e-01
9.308726364021787658e-01
-1.000000000000000000e+00
9.746712600709893648e-01
3.907432471196463086e-01
9.166195240557057922e-01
2.019841450756253154e-01
-1.000000000000000000e+00
-8.054370275729824113e-01
9.882942467516215856e-01
5.117975784589798849e-01
9.473686485337582397e-01
2.777821416219265482e-01
-8.251431235878002868e-01
-8.824295089825320848e-02
-1.638477067082623126e-02
-1.000000000000000000e+00
-3.837132948463038984e-01
-1.170429430704276325e-02
4.449642408267470151e-01
2.347053185782435950e-02
2.821619816856586471e-01
7.717804430854557918e-01
-1.000000000000000000e+00
-7.675058511707696929e-02
-3.816087204903363672e-02
1.338147647584582711e-01
-1.000000000000000000e+00
3.379106928270563664e-02
-1.941122490729711159e-01
-1.305794070193731227e-01
2.646118711417975167e-01
3.148332535568014179e-01
-1.547854576755323674e-01
8.511087039896350070e-01
7.174891754363729168e-01
1.000000000000000000e+00
5.416791811118296662e-01
1.149864919230142446e-01
-5.112348884327997389e-01
3.548467171031128298e-01
1.000000000000000000e+00
7.346702072213546764e-01
-3.366235028330493706e-01
9.239468428783055298e-01
-3.834371748944139791e-01
5.562715924033903026e-01
2.347464578302705107e-01
3.748887440648111524e-01
1.000000000000000000e+00
9.129247283325380158e-01
1.933941389412689726e-01
1.000000000000000000e+00
-5.977731024078022370e-01
4.485637853915510620e-01
-9.005834440876241409e-01
2.148897100519272033e-02
3.629217391188545028e-01
-2.004828911265166547e-01
-1.364907557113563263e-01
-1.474745366726533669e-01
9.402955068183754817e-03
3.393908210772779710e-01
2.536539012158503525e-01
-3.698497250000084557e-01
-8.584551097867317015e-02
-7.940407041429418111e-01
-8.165104537960692355e-01
-3.431791438538869810e-01
1.000000000000000000e+00
1.705411275600938747e-01
3.885596803831225521e-01
7.883341695401202553e-01
4.671430819367673459e-01
1.000000000000000000e+00
2.627376046596188175e-01
-9.891051159374379953e-01
-7.921922063622405252e-01
4.024334957092898235e-01
2.658864454858027582e-01
6.139015415644639706e-01
-3.249555746889534746e-01
-7.061218704806588864e-01
5.251340396928112497e-01
3.838234093107782408e-01
5.869131399014451134e-01
-3.191298686070841994e-01
-8.410410817362025115e-01
-3.935329145313367499e-02
8.710528835404393044e-01
6.101440084793634533e-01
7.166583206159237163e-01
-7.834874531881957926e-01
8.842530565435938739e-01
5.941525393312214742e-01
-1.000000000000000000e+00
3.741347242311729993e-01
-1.383991279395950791e-01
-1.000000000000000000e+00
1.000000000000000000e+00
-9.095319885460355636e-01
1.000000000000000000e+00
-1.000000000000000000e+00
9.511871694781215414e-01
3.834256959930287256e-01
4.910940150406848947e-01
-2.114877845984947102e-01
3.453423545864479638e-01
1.121278996808245110e-01
-8.866958028626638066e-01
-7.939204661700506316e-01
-7.453502254006834082e-01
-9.652099818222347194e-01
7.301636496878927129e-01
4.359689099883540253e-01
4.451907006670096645e-01
-1.297048766375389628e-01
7.225611011310070220e-01
7.759526579348631492e-02
3.860751564764516308e-01
-2.103913988873823415e-01
-3.622836106462719030e-01
-4.989644156390031227e-01
1.318277944621067399e-01
5.374714564621235757e-01
9.088974889992389450e-01
9.859493031558291820e-01
3.074367922824352561e-01
6.429603334684245164e-01
-1.672257375016028558e-01
2.336107318502297914e-03
7.046808425883636096e-01
1.436227841666568306e-01
-7.848969791462035994e-01
5.994763622724788021e-01
9.853172580876740083e-01
3.937764369215879801e-01
2.527365195461801495e-01
-1.000000000000000000e+00
-3.924646939978833626e-01
9.387586677430383997e-01
-9.341618675774263636e-01
1.000000000000000000e+00
-1.000000000000000000e+00
7.273711472414023937e-01
7.635504738238314548e-01
2.097527569565856009e-01
6.231533511722867624e-01
-1.207600615182274351e-01
7.864249828899888550e-01
7.165955196560003237e-01
5.518976578310874626e-01
2.334957005743422964e-01
5.521908167130139544e-01
-7.193496131101688451e-02
5.603971777449741065e-01
-8.749510683212244899e-01
2.949055378776594960e-01
1.107746527912288476e-01
3.056507845304945459e-01
1.000000000000000000e+00
2.843117624483089689e-01
3.405267998789192063e-01
-1.620844095600975643e-01
-9.652366655541686491e-01
3.486976836513484002e-01
1.000000000000000000e+00
-1.000000000000000000e+00
-2.294134921827406526e-01
-4.774190937992919825e-01
3.757103535767786218e-01
3.508860739444824017e-01
-1.000000000000000000e+00
7.264651000031709938e-01
-3.740217460049531373e-01
4.681349846288465066e-01
-9.086334794914119328e-01
1.886440007608612968e-01
-8.004385756748727543e-01
-5.393579781974769949e-01
2.585396707876280176e-01
-1.468677495700275171e-01
-6.783147950487168343e-01
7.697964285977720866e-01
-9.183982250227958888e-01
8.143076977004965605e-03
9.176365322550142922e-01
4.008531217419952775e-01
9.961562976958592275e-01
1.000000000000000000e+00
-2.093291527233310523e-01
-3.804982825139252012e-01
