4.501523100403637123e-03
-6.056313203151160174e-01
-3.983902817865253576e-01
-1.802575442768899194e-01
-1.130521263940714727e-01
-9.717982561422291998e-02
7.006424693351058774e-01
-2.091097856322697013e-01
-3.579021948323123370e-01
1.376537140048480490e-01
-5.721799226149631989e-01
3.247652634930934257e-01
-1.068412945223380373e-01
5.898480497262607036e-01
6.019860559852688864e-01
1.224284594188821684e-01
6.714418485831812333e-01
5.111744272205579476e-01
6.338788354936899516e-01
5.726013771945901443e-01
2.806452837789780164e-01
-2.636635853162329068e-01
8.070100222701703796e-01
8.771670256313174319e-03
1.434930258844318296e-01
3.640557830335452993e-01
3.784352121121776769e-01
-1.268067047523108171e-01
-3.380700684947308132e-01
8.965481477015573020e-02
2.409952795294132977e-01
9.750853016101872495e-01
-2.795508610305976194e-01
-4.448268046197773051e-01
-1.627600404925987343e-01
1.578333660764050239e-02
2.142359747966441075e-01
6.093166488990919838e-01
1.787531724718359194e-01
-1.000000000000000000e+00
-7.790938828408893180e-01
4.966953603500173786e-01
2.060250722574956117e-01
-3.946351215921567457e-02
1.000000000000000000e+00
-4.248773947995040934e-01
2.778005871379318203e-01
-5.338255418108017736e-01
-2.220493629263862734e-01
9.176589131583642867e-02
-6.300935827617275553e-01
2.184332378619189274e-01
5.742953111233067842e-02
3.532823513007774530e-01
5.840014739167067592e-01
3.405211660607343482e-01
1.050252768871645648e-02
2.105647558619088144e-01
-2.887210996596295542e-02
-6.092966986333846480e-01
3.483193704326169593e-01
5.501498656535324105e-01
-1.143254275528247932e-02
-3.261113714064167723e-01
-3.181507523601598275e-02
4.447188169348679221e-01
-5.116044406719113535e-01
-6.589846855286092264e-01
-1.163290119193561706e-01
-4.581100401559920487e-02
-3.992320685364685040e-02
-8.751939175178834462e-01
7.674918546914920592e-01
4.649054743293784542e-01
-8.963447153233915499e-01
2.707153072202556077e-01
2.212471665930931530e-01
-2.169011025064204734e-02
9.175312556664794172e-01
-2.664882306739382312e-01
1.000000000000000000e+00
2.175090495284019154e-01
7.732664352701213994e-01
-4.523942827421168489e-01
4.666375318855592313e-01
3.170650445750382573e-01
-7.438451814918478622e-01
-1.691823408641102144e-01
-5.741112880295262677e-01
3.833062055659016698e-01
-9.118160117695648381e-01
4.404604395903159997e-01
3.248800397468284418e-01
6.827206940484602526e-01
6.184245688761114135e-01
4.250953254172101237e-01
6.670332049547380571e-01
1.975486281703980607e-01
-1.000000000000000000e+00
-3.678553154336806630e-01
-8.131894367061676121e-01
5.447681672345142667e-01
-7.781688830117681199e-01
8.987261949606263345e-01
-1.456577932022455335e-01
-6.789958401588347403e-01
2.428543369146264341e-01
1.283368488725256107e-02
-2.444088393451411267e-01
-1.442071403381888217e-01
-2.273001988064416723e-01
7.560239742403006558e-01
-1.113594040639602073e-01
-6.812911337476926787e-01
3.535872392777045792e-01
2.376300723544749749e-03
2.922595687444046186e-01
1.543240792405454753e-01
2.136821745355978186e-01
-4.072227702341574274e-01
2.411851318332695338e-01
-8.005084799773753979e-01
-1.673861685817517042e-01
3.598348677780252580e-02
-8.730497459020905571e-02
1.000000000000000000e+00
-3.669233238893438998e-01
-1.000000000000000000e+00
7.196514144505323785e-01
-5.304203933035973595e-01
8.551599972244110226e-02
-5.770398997920136441e-01
-8.273884686685053502e-01
-2.938919876489383687e-01
2.993069283562908162e-02
4.151574911755108177e-01
-3.912336477862168316e-01
-2.776988976161133271e-01
-5.558598169159401081e-01
3.025955265893634505e-01
2.560496578045037275e-01
-2.326531371373190826e-01
3.138701198918575908e-01
3.397200680829390307e-01
6.855923933614617161e-01
-2.286144057099482318e-01
3.846311650404621862e-01
1.530854669222368736e-01
-8.869539648790685238e-01
5.489682994364170066e-02
-5.434599176658949649e-01
1.097558851067964303e-01
2.899880108607097995e-01
-5.861496136360790921e-01
5.479952484302481608e-01
2.413890821415008436e-01
-2.217960714099763420e-01
1.231692582904670430e-01
-1.849818810491627163e-01
-4.247312247637453075e-01
3.543538692310324034e-01
1.149641000527109880e-01
2.903785890423308258e-01
6.462894767570357413e-01
3.515539169305866851e-01
-3.665723351903310556e-01
-1.000000000000000000e+00
-2.382201823773504590e-01
-2.001213471710477365e-01
-4.640636492853166817e-01
2.667102359327261918e-01
-4.177984620159780338e-01
-3.502238806647660629e-01
5.688658117178165829e-01
3.735766807849698612e-01
4.001761104446983908e-02
-9.211402151224137302e-01
-5.622469289486866639e-01
9.407817255878458962e-01
3.412887769760644674e-01
-2.314674731535754093e-02
-5.141181468132929311e-01
6.306046928812869545e-02
2.528372503440330377e-01
-2.728040325170733027e-01
2.882662230762077504e-01
-5.810035165636422416e-01
-7.188938419576765826e-01
9.148254195149958523e-01
5.889183931920199955e-01
-1.511278254759059192e-01
-4.515964100650257662e-01
2.024906345565405386e-01
-2.220043727627605754e-02
5.104925235108151993e-01
4.650176859851158917e-01
-5.020688020102389570e-01
-1.000000000000000000e+00
4.448280351639498642e-01
-5.278206927814588223e-01
1.128713999911375443e-01
-5.892401328933122295e-01
-9.773924760734122863e-01
-1.000000000000000000e+00
-1.572512441414918305e-01
2.213456703464291020e-01
1.815642795919925057e-01
-2.254193931618898861e-02
1.687090134640552297e-01
2.429575224170918424e-01
-3.201308364660918060e-01
-3.423756356780274235e-01
-1.747787470675422200e-02
-1.124828860691666488e-02
-2.235803659624261974e-01
1.000000000000000000e+00
-2.230277506083257477e-01
4.046244403581147342e-01
4.028098060590574736e-01
-4.156301668121351600e-01
4.870038898912133485e-01
-8.342920378066048803e-02
2.114259234383453201e-02
-3.409310491919607111e-01
6.583109044612059368e-02
-5.812744509422699268e-01
-5.960083770630195676e-01
-6.260522095969792700e-01
1.274523215076951155e-01
4.299595124360151011e-01
-3.405193195251662308e-01
-7.302703780679684620e-01
-3.987312056558236506e-01
-2.374271958586031683e-01
-6.727710517007623459e-02
-2.770859535253017425e-01
-5.460335997992680213e-01
-5.796146491157144753e-01
1.834487215417741623e-01
-7.513274448376449088e-01
-5.337254972998751734e-01
-1.057325134339669181e-01
7.435124696744112027e-01
4.705229668922911168e-01
-7.827126067154768219e-01
3.442840208488865406e-01
2.743449334969275677e-01
-1.000000000000000000e+00
-3.575775810217646233e-03
-8.888244709234551788e-01
6.482358846231877081e-01
-5.201171274098559394e-01
-6.295260323301657968e-01
3.696271106023545361e-01
-9.630639098300777801e-02
1.000000000000000000e+00
2.741641337553299418e-01
3.623967248019437926e-01
-2.375947894805396088e-01
-1.000000000000000000e+00
-7.608457829322257115e-01
4.521949220163224425e-01
3.635339443000572546e-01
-8.981996396919754710e-01
4.891071387191996966e-01
1.499073144577934835e-01
7.040351137292248929e-01
-1.810743606139303963e-01
1.524933885165686287e-01
1.000000000000000000e+00
1.919604072038039733e-01
-1.956236937678631493e-01
-2.041827163348302610e-01
8.374373676886064377e-01
-8.786969855415593944e-02
-1.927740891152056046e-01
4.751919059360573128e-01
4.651680806938007784e-04
-1.458959037112912416e-01
-5.287760105846825986e-01
-1.991114222807528200e-01
8.811259525388460689e-01
1.892710620968484636e-01
-2.015721593544493873e-01
1.000000000000000000e+00
5.842395945799455648e-01
3.817979782534841604e-01
-2.628312072181676617e-01
-7.600577056905430395e-02
-6.007713840028849894e-01
2.039161596424713396e-01
-2.365809764082723587e-01
-4.782406428648657837e-01
7.505403624901972881e-01
1.624401375651474688e-01
-1.576039680250550523e-01
-7.558610071465254876e-02
3.458641279414902403e-01
1.429699319456098905e-01
2.870143250231771970e-01
-7.049451075548099355e-02
-1.000000000000000000e+00
4.039301604526140954e-01
1.573563061645173733e-01
1.722064379392172773e-01
-3.661748321946460272e-01
5.713022614644596153e-01
3.781540115310492722e-01
7.600204389783916659e-01
-2.554949119160126320e-02
-1.000000000000000000e+00
4.104741701192932135e-02
-6.911156631837593878e-01
-2.517602080754230975e-01
-4.026775276362395406e-01
-2.095582017751178305e-01
-2.641840792072045474e-01
-7.578811221612602456e-01
-4.332000125878807673e-01
-2.462757134342041243e-01
1.006498100583240463e-02
1.000000000000000000e+00
6.800722166570102867e-02
4.203950644395016423e-01
-1.835808143802400982e-01
-7.104560643055548574e-01
-9.047291891278856912e-01
-1.000000000000000000e+00
6.655730592409987434e-01
6.592610543303585313e-01
1.442303910148406976e-01
-2.204336462416012221e-02
-3.121718159745034415e-01
-5.779562695035439512e-01
-1.000000000000000000e+00
3.518920676318834651e-02
3.948968963133123733e-01
3.526578754176521446e-01
-4.547591683134705742e-01
3.250035012028903436e-01
-9.716190944369820781e-02
-2.551807526194804221e-01
-3.368540561722004334e-01
2.842558323207414195e-01
5.193930829997628340e-01
-3.251179880796327137e-01
3.794205989994890726e-02
-3.059038436728196420e-01
4.212283485499526137e-01
-2.215382198089070609e-01
5.499238341871844904e-01
6.365816554839776042e-01
-4.634362803798179886e-01
-5.352254477978274361e-01
1.469065929212099442e-01
-3.653024302227643738e-01
2.997226669329399185e-01
-1.552683475316829487e-01
-7.276374188030327872e-01
-1.552523381670733449e-01
3.791929882454583844e-01
4.821788253456814055e-01
2.463768073432145433e-01
6.819422190045297538e-03
-5.749185662710161182e-01
-7.489064387382970978e-01
8.659503659616846205e-03
-4.184884219641090697e-01
9.500788050889397152e-02
6.860061839381250692e-01
4.357036731964016307e-01
-2.092794472221002899e-01
-4.748424891666402359e-01
2.830397885263562507e-01
-9.371727969200178698e-01
-1.000000000000000000e+00
-3.418684743974925166e-01
-7.765365263180610267e-01
-4.047458012590348098e-01
1.000000000000000000e+00
4.967749631285961476e-01
4.746289998171787650e-02
4.657040700646774001e-01
-4.937973608659143032e-01
1.118195867270521671e-03
1.000000000000000000e+00
2.459043597585660601e-01
3.056847755889290363e-01
-8.545329867600497398e-01
5.330158868301836106e-02
9.650408671733825550e-01
-3.432065118284927108e-01
-1.442636761676863166e-01
-8.690741336423751795e-01
-3.235524947790305861e-01
1.932752313686827428e-01
5.840195526335483223e-01
-1.000000000000000000e+00
5.555158486415348040e-01
-1.000000000000000000e+00
2.349986661794278842e-02
3.052319711399302804e-01
8.127972031435862776e-01
7.043835686255305317e-01
2.406385131336802874e-01
-5.759103505726308470e-01
1.368524926983220869e-01
2.389473171981856825e-01
-3.498103234458228572e-01
1.213043004136721281e-02
-3.250372825704385682e-01
4.922469503184538908e-01
-6.164766494137844388e-01
-1.000000000000000000e+00
-3.178324296405133920e-01
3.658481545794184386e-01
-1.232274957427590967e-01
3.935682107214298342e-01
5.551528276556922936e-01
1.935141595743776199e-01
3.685327576972349806e-01
-2.188706864622455839e-01
-4.652184409330252235e-01
-1.000000000000000000e+00
1.000000000000000000e+00
2.528340009003451350e-01
2.242566435317516760e-02
-6.814799361049352910e-01
1.000000000000000000e+00
2.988065815188480356e-01
6.137865826694175464e-01
1.000000000000000000e+00
-3.523078363744204244e-01
-9.834070314207717933e-01
3.155469574537386190e-01
4.243051572248356385e-01
-2.316307882389798123e-02
1.000000000000000000e+00
-2.809590765328300321e-01
6.913822458034949436e-01
5.256798468648193889e-01
-2.113539390073232715e-01
-7.074549161049468182e-01
2.454500524149786089e-01
-4.039353723855046985e-01
4.717574930196618554e-01
7.447487997052153474e-01
-5.878168900566921318e-01
-7.240467415100642068e-01
1.000000000000000000e+00
1.002366618513566288e-01
-3.073103290841908697e-01
-3.842950118146030158e-01
1.751060215150649357e-01
-1.000000000000000000e+00
3.745398491519926765e-01
1.000000000000000000e+00
-7.451750354228797724e-02
-4.257447578695274237e-01
-1.277831954527534897e-01
-8.679583998062383454e-01
-3.445475223491643035e-01
-7.320632055931634019e-01
4.505643082385050180e-01
6.125960357135595835e-01
4.177142141930519359e-01
-5.871444014480986517e-01
-4.380047458629139356e-01
6.197529786480309166e-01
2.383757117755223587e-01
1.667495962651526220e-01
-3.762377535064033718e-01
3.013526087204395632e-01
-2.394746665368546468e-01
1.117867735354970832e-01
9.169345331408490507e-02
-1.021657552353134879e-01
-1.444387910216877458e-01
4.635646755309233980e-01
6.224903151314188365e-01
5.950514424258777080e-01
1.377923399097800705e-01
2.367355393045202927e-01
-3.791201909404127712e-01
-1.961719724880051086e-02
-3.645774211435087175e-01
-8.443176975393154593e-02
5.249251511037918982e-01
7.336687373771531850e-02
-1.156960850339370517e-01
-2.926867366638012946e-01
3.147287195486873634e-01
-6.644144574437954587e-02
6.842002959688953112e-03
-2.895365930375026209e-01
8.562329829371645440e-02
3.875095349301845293e-01
-1.149574080564763068e-01
-5.747565188904801836e-02
-1.508080951491940491e-01
-2.971072006289149914e-01
-6.702635651968971153e-01
4.114357744168580244e-01
1.214590621613786947e-02
-1.000000000000000000e+00
-7.463430570212573056e-02
-5.324713006647103786e-01
-1.182684210145421577e-01
6.902266158478762570e-01
-5.187553515300614704e-01
-1.489694984233058406e-01
1.000000000000000000e+00
-4.120335439076876494e-01
2.905655844658799891e-01
2.697415941461858147e-01
6.271820030963992654e-02
-6.285740989105079168e-02
-5.451958995299344135e-01
-5.452405774036979125e-01
-3.264948939477502199e-02
-7.901144908207518025e-01
-1.097185405462935137e-01
-1.188493570820868261e-01
7.938037252504637209e-02
5.274560482406991380e-01
4.762959514785546911e-01
9.026953085228173190e-01
-9.706815618492788122e-02
-7.916625483565406518e-02
1.000000000000000000e+00
-1.951406301771181628e-01
-4.003216390992211382e-01
-3.876943672894265225e-01
-1.531148853997375547e-01
-5.041412855795029957e-01
-6.698767391192517184e-01
1.940172014796039679e-01
-1.953645879681972231e-01
-5.844880096616437148e-01
4.441109621227319615e-02
-4.194506417296424150e-01
2.449552434063666517e-01
-5.097288709597515011e-01
4.662446180649217897e-01
-5.652714433493446489e-01
-1.276833692723072788e-01
1.806311302086434645e-01
-6.325583053802980027e-01
1.000000000000000000e+00
-1.304108364896381378e-01
7.254004799806139658e-01
3.163270200007061161e-01
5.663412858298161323e-01
1.796210025845805247e-01
-4.738114038359878544e-01
3.210437766876204635e-01
5.509627827511756060e-01
4.126751816232323011e-01
5.866426620192083385e-02
-4.407951421109155832e-01
3.587202155203101928e-01
-5.072188618927921944e-01
1.083825712062434499e-01
2.297668955117374567e-01
-4.978855697231250321e-01
-2.337798686102212087e-01
-4.848291306867286155e-02
-6.700955602199307193e-02
-2.333332166161836141e-01
1.173814183700355729e-01
1.966337241938398983e-01
6.787497283440224738e-01
5.893263477692839425e-01
-6.371099572614236095e-01
-6.374052379928751844e-01
4.452514348998996008e-01
3.683486507475735583e-01
3.056931517912211405e-01
1.372495543769509663e-01
3.249423110713787199e-01
1.681206925653221385e-01
-1.000000000000000000e+00
7.161334638798514396e-01
1.000000000000000000e+00
1.000000000000000000e+00
-4.500594547018330061e-01
-4.334598806620351685e-02
6.681012646250715781e-01
9.697573475782063357e-02
-2.960907021899243374e-01
-1.793076905121012143e-01
-9.001984476410185287e-01
-2.003524541193160702e-02
6.163652640338643796e-01
-6.501134931954738461e-01
2.622683985460455558e-01
2.632228671251943819e-01
-1.380937468551957092e-02
-1.000000000000000000e+00
-2.762628945880259979e-01
-1.000000000000000000e+00
8.188328391896786129e-02
-2.754467901821531783e-01
-5.130572397121306860e-01
-1.957188471327490076e-01
-6.864374748122592518e-02
-1.595143114339793999e-01
-1.000000000000000000e+00
-1.450706504714134315e-01
3.473724656403113231e-01
-1.963448524064218825e-01
3.301121074337347028e-01
8.754475643626159764e-02
-4.057041415191448008e-01
-1.000000000000000000e+00
-3.207312442301777922e-01
7.127508971469435073e-01
2.564989564660807297e-01
-6.927495699601391443e-01
-3.086879524292628352e-01
-3.319550429373444023e-01
6.509618893784034910e-01
1.000000000000000000e+00
4.542949865867850212e-01
-6.550701810765091615e-01
-2.046655307321592066e-01
-4.189580536854111692e-01
1.000000000000000000e+00
4.266332348739869662e-01
-1.168987850732990108e-01
-1.000000000000000000e+00
-1.397651598541962414e-01
1.235925953082001316e-01
-6.295359262355572083e-01
-1.110778528465208859e-02
-3.945201206478615163e-01
-2.618573972147615336e-01
-4.142071345773178925e-01
-3.464691866936892017e-01
-3.245796700538455815e-01
-3.624254914256366256e-01
4.198441033708042447e-01
-6.181161426615475740e-01
3.003776031776572708e-02
1.000000000000000000e+00
9.062480654242640599e-01
3.755691415528129573e-01
-7.818113766669804177e-01
6.589932017802301034e-02
-7.397590106499934981e-02
4.894723222650588790e-01
5.344432531502316674e-01
-4.137750416364303629e-01
-2.700739127860918298e-02
-4.648103825497427177e-01
-6.377781250337608565e-01
-5.284741158583575737e-01
6.521247571503169249e-01
3.882641060292209012e-01
1.000000000000000000e+00
-4.280978335027330051e-01
-5.606553167525810677e-01
2.389566378954637860e-01
1.289422198219188354e-01
4.472249295577266914e-01
-4.882388366254872825e-01
3.874296445807686728e-01
-1.000000000000000000e+00
5.318381883662399723e-01
6.181891733746011086e-01
1.100648982370504708e-01
-2.442838119950405396e-01
-3.805939677655648112e-01
3.202679143558471997e-02
-3.586046228885186871e-02
-7.715275413482602929e-02
-4.441941820351109627e-01
-3.368461854099176755e-01
-8.912679628807818055e-01
8.419626944418509562e-02
3.546980073402960509e-01
3.783841555461747719e-01
-4.188415124416269286e-01
-5.203598815466621286e-01
-7.703554650849528951e-01
2.335141941493738271e-01
-2.027816111551096201e-01
-2.840932520090340141e-01
-2.562188935736676998e-02
-6.730970819741679545e-01
3.585003998439766915e-01
-3.980371748153659905e-01
4.750576772595097724e-02
-2.907946878275508573e-01
5.208026223098410901e-01
-4.285832967325315934e-01
-2.233513511186413503e-01
7.266392094829386972e-01
5.073201055231641998e-01
7.171393532329868314e-01
-6.401828858350617768e-01
-3.969901550896247078e-01
6.016194232331215641e-01
6.777544750088944081e-01
2.800576884189799332e-01
7.446705887913706023e-01
-7.356010720681765980e-01
2.450985559935115465e-01
-3.057401449402505356e-01
-7.245004098655936087e-01
-1.293851789278538389e-01
-5.322353915408716274e-01
-2.247567711561270221e-01
-6.895582458103624579e-02
3.269906285332486728e-01
-4.006770740136619824e-01
7.857706191125667095e-02
-6.483327112905223899e-01
-2.370347701835529008e-03
7.151349164000236902e-01
4.388862061511050738e-01
-1.593501433698321923e-01
-7.898508851339973713e-01
-3.495385666209757658e-01
-2.978605342267081624e-01
-7.230357109456049258e-01
-9.711049445233904676e-02
-3.335978115365041963e-01
-4.646659484898169046e-02
-5.951320261418977520e-01
-1.323944344512706373e-01
-5.754807277468085847e-01
-5.096298322967420802e-01
1.000000000000000000e+00
8.836590755414355236e-01
1.476212963300847503e-01
5.193358519093840275e-01
2.148931308861686817e-01
-3.035078878999063479e-01
-2.609234342326353095e-01
-7.735439381418498517e-01
4.322078547111982694e-01
1.000000000000000000e+00
-3.985904744492173579e-01
-2.510290338415990252e-01
3.289121496670756040e-01
-3.927915415992397352e-01
-4.470394248368691342e-02
4.027613589414936329e-02
2.870371473700422671e-01
7.925882923129800028e-01
4.513766993659246718e-01
-8.338550015682009986e-02
-3.599141201288947323e-01
1.236280004309286557e-01
4.252409518668481825e-02
-4.236156031059057359e-01
1.039200555922931146e-01
3.547404640726949110e-02
-5.919443921378020335e-02
-1.942351014844300727e-01
4.354478490086834408e-01
-3.709208331954080284e-01
-8.985563272933069223e-01
8.644184554447834623e-01
2.380450325419180557e-01
-8.147084172546472658e-01
1.000000000000000000e+00
7.261590849856689456e-01
7.734168320192762458e-01
1.000000000000000000e+00
1.721104831120190970e-01
7.270691175489838454e-01
1.697399426894405372e-01
-1.000000000000000000e+00
-1.000000000000000000e+00
-1.235703814132134426e-01
-5.120567775045388181e-01
-4.098715569690736249e-01
-2.436357332086626082e-01
6.892585458554159050e-01
-7.532552687751098430e-01
1.000000000000000000e+00
-2.397858759397922257e-01
-9.141445125253871984e-02
3.132745748715005663e-01
6.798367829829488063e-02
-1.951552884224277695e-01
-7.941133917809256593e-02
5.997980106798393996e-01
-4.181077450292224329e-01
-1.000000000000000000e+00
3.083466827446010861e-01
6.270287943833025013e-03
-9.220586128375646284e-02
4.528641894064384943e-02
-7.797265836851648979e-01
2.590826031346792346e-01
-6.190955175828047885e-01
3.785467062524068282e-01
-5.207424994820778474e-01
-9.424966785231440880e-02
-2.814899075945956342e-02
-4.620536471069270901e-01
-4.264028478184513360e-01
1.000000000000000000e+00
1.153120408721941548e-02
-4.627471771399478406e-01
2.296102445072922826e-02
1.231648596940115026e-01
4.390376252365371657e-01
-5.214868424519902845e-01
-8.119138367442180204e-01
1.000000000000000000e+00
-3.801849751954747281e-02
-7.702677684933906255e-03
1.434098671789812429e-01
-3.510269155894356619e-01
-8.353617973099847216e-02
-1.000000000000000000e+00
3.858208730567495026e-01
5.662446866774447640e-01
-2.137625297203171182e-01
-2.254556388646100085e-01
9.273554645824777509e-01
-4.873512433864110038e-01
3.501873729330896023e-01
-8.044110986907275773e-01
3.271676326225500531e-01
-7.654228480878203511e-01
-1.000000000000000000e+00
-2.439491404371553485e-01
-2.861556922187089569e-01
6.749471927829532591e-02
-4.058182739891318391e-01
-4.112317505224682979e-01
-2.755281025850609966e-01
-1.000000000000000000e+00
4.292933843714897835e-01
-7.649754168760853901e-01
2.407243693798174489e-01
-1.858267923772750629e-01
6.658309773349675442e-01
-5.501208183563094378e-01
2.573679387296861631e-01
-7.213535949050656204e-02
5.212223753444034102e-02
2.026939747454165330e-01
-1.911164825920957377e-01
1.000000000000000000e+00
-2.604039908357533295e-01
-4.848570880212067502e-01
-2.041550953649873268e-01
1.669823018546660320e-01
6.060948505967962419e-01
3.870143111099925148e-01
-7.618451522123481645e-01
-3.370564314085444102e-01
9.089678907012068709e-01
3.373230703576552969e-01
-2.323288042864303238e-01
1.000000000000000000e+00
-2.422448754315242037e-01
2.129799703125651866e-01
5.254842076822757030e-02
-7.586679587786987478e-01
8.452835059073611212e-01
1.000000000000000000e+00
-2.263173562773957564e-02
1.732622650197079839e-01
-6.816900105573731050e-03
5.840635155918627586e-01
-3.394170287822694254e-01
-6.177751811384990521e-02
-6.955801595948226668e-01
-6.673235346974001891e-02
-4.603227511504717206e-01
1.999785478763551061e-01
4.575387424843300188e-01
-2.866869979821423664e-01
-5.925294956673390345e-01
-4.726669735574247078e-01
-6.770679248379137816e-01
7.237089026286813720e-01
6.018756596515927315e-01
-4.910790260843421740e-01
-7.226723208756120620e-01
5.591159725338780140e-01
8.263162053320555200e-02
-4.275245434181471071e-01
-1.238601179951697440e-01
-1.536376515145528865e-01
-4.674413914681366800e-01
-3.723336330363747337e-01
-8.755628382801040888e-02
5.367961805182223239e-02
1.151454084591813504e-01
4.827182076867616023e-01
1.624112602308293019e-01
-1.000000000000000000e+00
7.571817235038447169e-01
-2.291391890034361056e-02
-1.035886297809912593e-02
5.118989386742434089e-01
-3.360013054198923710e-01
7.653231931049686576e-01
1.000000000000000000e+00
-1.000000000000000000e+00
5.004192114851253592e-01
-7.728933023831623117e-02
2.856019275052066875e-01
3.159042849055551105e-01
-8.634198817879190635e-03
8.804638496052074048e-01
-7.088179716568894229e-01
-3.529223740087868988e-01
-1.000000000000000000e+00
-5.070688942059439208e-01
-5.003733667853953460e-01
5.440485228964143938e-02
3.220946767263564992e-01
2.089120657568123152e-01
-1.899596309646003622e-01
1.082665900589763475e-01
-4.952336694307795106e-01
4.048044256739098401e-01
-5.776999085609564322e-01
-5.334729130156040666e-02
3.701203641232120867e-01
-5.230152591604015910e-01
7.885574059569946392e-01
5.434259624067400152e-01
-9.983444667389035354e-01
1.997786149433691816e-01
-4.256914966142029688e-01
-2.828693865292963849e-01
1.000000000000000000e+00
1.000000000000000000e+00
-3.392994825107450985e-01
4.346175765506090638e-01
3.904577951540633834e-03
1.811366026949247088e-01
5.783763160419669314e-01
1.074458831776290979e-01
-4.498733411705596597e-01
-5.990961485224960414e-03
6.503177781804132529e-01
-1.000000000000000000e+00
-6.604646468724584274e-01
-4.587884974317207876e-01
-1.000000000000000000e+00
7.398170145481175464e-01
-8.668120480221035151e-02
5.961555568498562163e-01
-8.293752858880136802e-01
1.635803043420747116e-01
-3.728867848722769440e-02
7.523813959845521149e-01
-2.732458487958028814e-01
-5.218572216877366277e-01
3.722735021902754404e-01
2.488834676515510325e-01
1.000000000000000000e+00
5.182411334873576747e-01
6.731253217604485917e-01
5.222881310692182311e-01
2.086156578732367151e-01
3.674608508848548616e-01
-1.000000000000000000e+00
6.329796296527767652e-01
-5.538195667993062177e-01
-2.582653193133798153e-01
1.554771086035461047e-01
9.878980387583741196e-02
-3.141491543175746193e-01
-7.735042620161302063e-01
-2.232993163863798980e-01
-2.461119360780321674e-01
-4.149590511529336334e-01
-5.943109029190231096e-01
-5.413387898558275069e-01
-2.969017159996102384e-01
-3.505940735467517611e-01
1.018042289865695449e-01
-4.951203516048552355e-03
-8.156695398401035968e-01
2.876549508001290389e-01
-1.630892230937274756e-01
6.297933594730500406e-01
-1.489783065170842413e-01
-4.872347755984857143e-02
4.252153895340959333e-01
-1.035152082561710540e-01
7.623156075772795359e-02
2.481658539179408263e-01
5.139157693660715287e-01
-2.895261556649719181e-01
5.509826541685090007e-01
-1.964450010176487516e-01
3.860631763500114721e-01
2.112591900708667703e-01
-6.480032638103784548e-02
-7.350218117605761270e-01
-4.413101030120132329e-01
-5.243249078150663545e-02
1.618511709433610724e-01
8.268609677553930837e-01
4.109758987207472458e-01
-5.439235455549593645e-01
6.174593333088498337e-01
2.031247287425216319e-01
-3.817943637393357292e-01
5.526957735977063857e-01
-2.814416548478748115e-01
4.250045830820590731e-01
-4.821902751326428982e-02
1.000000000000000000e+00
-1.000000000000000000e+00
-4.583427909233966369e-01
7.128493133266102788e-01
3.900879468796480953e-01
-7.742013652707755433e-01
-1.093958493740292970e-01
2.452425177292181513e-01
1.000000000000000000e+00
3.252940052573750906e-02
3.733772615773498504e-01
5.903205882443854913e-01
3.166177499110851834e-02
-4.432634007973226264e-01
6.428147973972200280e-01
1.021844348047378503e-01
3.439820056912769597e-01
5.486383561765325600e-01
4.784949793565836107e-02
-7.074088082378284792e-01
2.781094175949267444e-01
1.597813952812753846e-01
4.693551349302267361e-01
6.419916030264456452e-01
-4.019399820366040266e-01
1.573480508591937888e-01
-3.421274019355419194e-01
5.985264701460054626e-01
-1.017913823505164905e-01
5.575976358184158155e-01
-1.914171645142542511e-01
-4.583813316446899155e-01
-2.462322516783164716e-01
8.137432754018877334e-01
-1.000000000000000000e+00
-2.751957360591748003e-01
-5.516569610366205134e-02
-3.262079585980853791e-01
-2.927359923226666161e-03
-3.704256460661378147e-01
4.904747541858300863e-01
3.097400422380121032e-01
5.872282838717388653e-01
-1.301162640587792407e-01
-2.829543869695257952e-01
5.336258996248676167e-01
7.681631450863357635e-01
2.594384375141596810e-01
-1.182716191155196439e-01
-3.186538925872314798e-01
1.740944359413063580e-01
6.160653503995556779e-01
-2.594740810706987477e-01
-3.009536876027263386e-01
-7.501937192835190782e-01
1.000000000000000000e+00
-2.157857122010997386e-01
-8.388564690163979876e-01
5.580158927290164161e-01
-1.398261948691139900e-01
4.168248942506903865e-02
-1.000000000000000000e+00
4.030320251046519697e-01
-2.804437330008188178e-01
-7.260887363765926583e-01
5.441679469264493196e-01
6.233650629165683466e-01
3.667492126898532767e-01
4.572847208013236520e-01
-3.870399707968979475e-01
1.198274520677373722e-01
6.430711831494848041e-02
-2.491801219767117159e-01
-4.096123257027307618e-01
1.347243028819299082e-01
-8.044755697473712774e-02
-1.351012190181020145e-01
5.258406877148817937e-01
2.540689402274836084e-01
-6.575568343100636204e-01
-4.046634277936302926e-01
-7.108526443227467517e-01
2.492413179593137018e-01
-4.321034410721347752e-01
-2.684164558727480387e-01
3.470436186622566366e-01
-6.856704201045771274e-01
1.804487451870936954e-01
-2.111969318482724844e-01
5.348976243143377385e-02
1.184399564608019373e-01
-6.193468152363763579e-01
8.562445736653396811e-01
-7.881701540040626508e-01
7.030695847387800068e-01
2.420121712814994608e-01
5.348351362113791252e-01
3.459117612614057147e-01
-1.000000000000000000e+00
2.853553439558107474e-01
-1.803159291274630815e-02
1.000000000000000000e+00
-2.321753972947563360e-01
-6.174320458915399934e-01
1.690465495883576863e-01
-6.569752828277475309e-01
-4.323703389344887849e-01
6.432286343861028932e-01
-5.266484124607400119e-01
-6.442001613675862881e-02
-5.205424111299484791e-01
-9.355089888992274005e-01
3.612798387551527379e-01
1.191202483506000886e-01
-2.905063389438670152e-01
8.721647435329334952e-01
5.528197403213918476e-02
4.003981803938538864e-01
-1.160667420173170095e-01
-1.068389530191959091e-01
1.000000000000000000e+00
-2.469750143274298537e-01
1.707942467370227591e-01
6.385866826212258651e-01
2.756149681461315115e-01
-5.599290218852405188e-01
-6.218034214988868436e-02
1.000000000000000000e+00
1.000000000000000000e+00
-2.566919778072609404e-01
5.680791012604556878e-01
-3.917023568403385503e-02
7.285414115886048592e-01
-6.710867649644863819e-02
-3.583349608206199965e-01
5.932638730357601142e-01
7.313979401180198403e-03
5.976833613325380767e-01
6.617346110863905340e-01
-5.215453358702499820e-01
-7.503365868432157471e-02
-5.750155557377496507e-01
-4.289071018463727625e-01
5.533890883515657499e-01
-1.296676066464779176e-01
4.566066233850291090e-01
2.237872283197634704e-01
3.158444677814997159e-01
4.553991933705402451e-01
-1.565944873310372576e-01
-4.796476138211031026e-01
6.420573617861760063e-01
7.463416107382404574e-01
-5.570255001142582207e-01
-5.529302949283889657e-01
4.017508686689665875e-01
-1.000000000000000000e+00
1.082954824530184962e-01
5.413229960609946545e-01
-9.713432970738476724e-02
-3.039643795802762227e-01
1.592116790775848501e-01
4.228749740445928440e-01
6.029851324018691283e-01
-2.159901945785120958e-01
1.633061870006982108e-01
1.299834567670582475e-02
-2.432766774102282370e-01
1.000000000000000000e+00
-3.349061609463218070e-01
2.251373725457779529e-01
-3.808055991968355425e-01
-4.008740231869558635e-01
-5.733464535561269559e-02
-2.477260893586322732e-01
-4.377015912002472087e-01
2.371030495758596687e-02
3.173289730245817397e-01
2.460620612880204394e-02
1.000000000000000000e+00
5.434962473278520667e-01
1.000000000000000000e+00
2.338209835239337675e-01
-2.224600882987551320e-01
-2.432131803918310131e-01
-3.125989666610874407e-01
-1.000000000000000000e+00
2.641224286164243762e-01
4.657830305372048785e-01
-1.368692631450539599e-01
4.122015958742083486e-01
-3.899155009107917458e-01
-4.470470695983392861e-01
-4.517760744629351621e-01
-2.482998570259686844e-02
-3.468554656350983922e-01
7.086684861777250433e-01
-5.750441810842221724e-02
7.380436875357277993e-01
1.280393528317000928e-01
-1.783463759804992943e-01
-7.020976669972741613e-01
4.838104429808753881e-02
-2.187405195607131370e-01
2.748097046377515618e-01
7.760624117657498322e-02
2.297175303168749044e-02
1.630842488979526161e-01
-2.540727188112237855e-01
-8.273052740783708170e-02
6.922871837152424490e-01
-2.178676464839822691e-01
-1.000000000000000000e+00
1.256715002229574774e-02
1.383077834487753677e-01
-1.171623265073949427e-01
-1.063469888887651066e-01
-1.035771043106286926e-01
-7.839022274665559120e-01
-6.030710781896052586e-01
-2.586556795568309974e-01
1.000000000000000000e+00
-2.497071074908484845e-01
4.188742938635554580e-01
4.055138876230851008e-01
-4.634979561280367366e-01
-1.795400478884436324e-01
4.298936342062852356e-01
8.335193336682810150e-01
4.754269950487177154e-01
-4.785172004483122521e-01
4.149134544200320796e-01
5.522607197774228593e-01
-3.383377093047470474e-01
2.838056348090656766e-01
3.850447199438929990e-01
3.502398094624968317e-01
-8.085657361151249445e-02
8.222679725942308449e-02
2.288672742006288008e-01
3.535438972832569693e-01
1.000000000000000000e+00
-1.907361439648714296e-01
-1.114619998457856975e-01
-6.572468358779185449e-01
1.696179931752322678e-01
-7.772947679286825728e-01
-6.758970572827432965e-02
-1.000000000000000000e+00
-1.011347594479932860e-01
-5.634102263463422466e-02
6.295601797091947560e-01
2.275777005161367661e-01
4.047226344610073689e-01
2.662902223440845040e-01
-1.104396423639630448e-01
5.836365038343915845e-01
-7.441256376937488426e-02
-2.507678146935369279e-01
-2.623382777312993630e-01
-2.450825812399027304e-01
-6.821939208295865753e-03
-4.566512308063939152e-01
-2.730199493788140752e-01
3.945277421781739347e-01
3.517101628266647295e-01
-4.589746405743139190e-01
-1.000000000000000000e+00
-9.548981788316344976e-02
-7.370319765187363092e-01
-1.000000000000000000e+00
-8.061180181543031731e-03
1.000000000000000000e+00
3.040925989448554079e-01
3.393996789422063509e-01
1.000000000000000000e+00
-4.340068782177483597e-01
8.212075319370555349e-01
-5.890127506069685603e-01
-4.648576786067709632e-01
6.307879585613647144e-01
-2.288727745287849613e-01
3.240233817377230485e-02
-2.452513167522122339e-01
4.189040857124141648e-01
5.771586566612656455e-01
1.951463170228107114e-02
1.000000000000000000e+00
-2.378558719872790328e-01
