

gen best mean std
0 89.268533 6.050367 23.60909
1 89.268533 24.244454 33.055994
2 89.496113 46.629482 33.877184
3 89.496113 62.547808 31.699077
4 90.648533 74.893765 24.042638
5 90.648533 78.344514 20.853553
6 90.648533 80.488436 18.225809
7 90.806602 76.140284 23.385505
8 90.806602 78.798515 18.56631
9 90.806602 78.888655 19.199453
10 90.806602 80.817131 17.910848
11 90.806602 82.997149 14.045231
12 90.806602 83.647046 13.55317
13 90.806602 83.659309 11.66316
14 91.362264 80.469577 18.545948
15 91.573561 80.452411 18.191382
16 91.573561 81.296787 16.449722
17 91.573561 78.937034 19.839931
18 91.573561 81.331588 16.039853
19 91.573561 83.812766 10.459831
20 91.573561 83.239995 12.906265
21 91.573561 82.225751 14.393938
22 91.573561 82.972903 13.593052
23 91.573561 81.974426 16.605719
24 91.573561 83.075345 12.338144
25 91.573561 83.15881 13.469625
26 91.573561 83.793149 10.266068
27 91.573561 82.837813 14.24742
28 91.573561 81.531809 16.887627
29 91.573561 84.76703 9.402457

gen best mean std
29 91.573561 84.76703 9.402457

gen best mean std
29 91.573561 84.76703 9.402457

gen best mean std
29 91.573561 84.76703 9.402457

gen best mean std
29 91.573561 84.76703 9.402457