3.488353464129087533e-01
1.751124238499935093e-01
3.273612275232303803e-01
8.958511287688061264e-01
-4.020284772450193056e-02
7.457576478061644920e-01
-1.674058855028399267e-02
-1.000000000000000000e+00
7.549973320055118897e-01
-2.727910655654438021e-01
-3.472701272908336190e-01
-8.576923476667814850e-01
1.743083848305546635e-01
-1.757836615972351579e-01
-1.148180871493629657e-01
-9.123523795986606677e-01
-1.000000000000000000e+00
-2.190252356176956849e-01
-7.711765137094522826e-01
5.644979394678141249e-01
-2.602799265886029390e-01
-7.962383864400691957e-02
5.375693096178398855e-01
-4.775615389090365204e-01
8.429195637403751329e-01
3.703118539893039962e-01
-4.988648887948769484e-01
4.254082819867063270e-01
-7.723252230659344297e-01
8.736382666518851536e-01
1.301558143978418236e-01
-2.128698914764877437e-02
-1.000000000000000000e+00
9.937922527196941802e-01
4.593110949113298758e-01
-2.537740503755380739e-01
-1.000000000000000000e+00
2.737937696061665954e-02
4.339027523071351533e-01
-7.971290461773566927e-01
8.992188664846181290e-01
1.000000000000000000e+00
2.582010114559572106e-02
6.812714193793317774e-02
-8.355621390955431105e-02
9.319912203730884581e-01
1.732092033614303084e-01
-1.000000000000000000e+00
-8.145834905943579729e-01
-7.489323550374192839e-01
8.213319716206937127e-01
-1.000000000000000000e+00
8.388774046939068141e-01
-2.497905783567997418e-01
3.614164589122853544e-01
2.771505201148167785e-01
4.813565600428698632e-02
-6.373854597822677936e-01
2.690702802834265550e-01
-8.358174056367449756e-02
1.974864451008202237e-01
5.291067792572416995e-01
1.601898940785602687e-01
-1.000000000000000000e+00
1.000000000000000000e+00
1.000000000000000000e+00
1.000000000000000000e+00
1.185952681350224691e-02
-1.711846501507462148e-01
-6.234519989595019990e-02
-8.290693812914318173e-01
-2.284236127459938204e-01
6.940692425227423801e-01
-1.864593008589312539e-01
-7.301276530095972550e-01
5.386992966423962415e-01
5.494143909584692231e-03
-7.968307072263391966e-02
5.430097517779961525e-01
-1.863808282705951003e-01
-7.866037668232899183e-01
-5.319837376636248338e-01
1.606740044738911577e-01
8.616886913898919031e-01
-5.544032433472937393e-01
-2.905565488708800048e-01
9.029479412609705546e-01
3.439018801353287969e-01
7.631173736188989754e-01
-5.662113944445216207e-01
-6.510705561745349090e-01
1.000000000000000000e+00
2.391517351446605655e-01
-8.012014096988013812e-01
2.363290379586333034e-01
-2.851914062714033804e-01
9.589365242982712534e-01
3.965166726964113320e-01
-1.521692889850123076e-01
-6.107843337736478251e-01
8.703633991062140751e-01
3.720146180989578055e-02
3.974349211792206349e-01
1.225812053567984783e-01
-6.907433534754202631e-01
-1.000000000000000000e+00
7.092583250796608008e-01
6.263388982911071157e-01
-1.000000000000000000e+00
-2.435440034085640526e-01
3.513747253481515620e-01
2.698191536138586644e-01
-1.606940165740031734e-01
-5.862285245182110444e-02
9.452821946997830294e-01
-8.134954966372911489e-01
-5.301838659351465477e-02
-9.104897474690489823e-01
-5.897655160415135045e-01
8.598843973845144983e-01
2.893132073563830509e-01
1.585060067894923930e-01
2.210307768689707963e-02
6.444687503389281424e-01
1.720628881017282341e-01
-4.909548689384697628e-02
4.395844070791763980e-01
4.100310638588332279e-02
-4.696226805531084070e-01
-9.502352066512447237e-01
-1.000000000000000000e+00
-4.418249208184585886e-01
-4.271495949368628309e-01
-6.270831060090007458e-01
4.164214621264962224e-01
1.121553750668967953e-01
-7.730297889239019782e-02
4.699331907083953430e-01
5.037357385397294163e-01
7.173166182410917191e-02
5.213156860472623055e-01
4.200846164606550914e-01
9.534994659070565592e-02
8.561366470472525636e-01
6.813234984700375918e-01
-3.899715972375888406e-01
-3.514931864740585832e-01
-7.384308538428949187e-02
-4.743530492975557289e-01
-7.725508120437224457e-01
-5.189236386910203169e-01
9.423877724918647836e-01
-1.692237446669263012e-01
-2.486601873381447669e-01
-1.000000000000000000e+00
6.730183365052043731e-01
-1.000000000000000000e+00
4.938423595086571249e-01
8.952763782770641887e-01
2.758928600220524885e-01
9.602805515101856537e-01
6.816981759322107148e-01
-4.307030062758346323e-01
4.549588569285816231e-01
-7.722004843345140479e-01
-8.175021616533294511e-01
-8.136180121799905240e-01
1.000000000000000000e+00
3.994953830663969252e-01
8.995517028119950353e-01
5.750950546558661891e-01
4.760859953392887478e-02
2.844498753171529337e-01
3.968978307447432186e-01
6.420993206967686717e-01
-1.752516932826117813e-01
5.642223633664766869e-01
6.573788845684613857e-02
-1.000000000000000000e+00
9.952473000113050416e-02
6.823517024915856100e-01
2.407929848744059242e-01
-5.744566658147529647e-01
-4.104540812634704938e-01
3.399475207979310021e-01
-1.541503663289649495e-01
3.756905067183948788e-01
6.128363435519262881e-01
-2.974429411188085903e-01
-7.228331420883320479e-01
-5.010740182423149003e-01
1.079829892420199472e-01
-7.511311102170741272e-01
7.366836720712836017e-01
2.722943162932039973e-01
5.360248582361029079e-01
2.916334348639927354e-01
-4.394611603679612344e-01
-8.514023759459365959e-03
8.321060184540726157e-01
1.539879517905714534e-01
-6.047095363534615159e-02
-4.590310564199477916e-01
-1.135433930173930100e-01
1.868794120619744203e-01
3.766657083641826720e-01
9.311136831089247279e-01
1.192773124149546296e-02
-9.180231680881768552e-01
6.542358090571486207e-01
1.000000000000000000e+00
2.273418496039716907e-01
6.647781619353648752e-01
-4.901944904333469522e-01
-7.094488170715115283e-01
-8.897800386099968817e-01
1.000000000000000000e+00
6.174457456842620262e-01
-7.698233286374197570e-01
-7.292816738462299941e-01
1.685532674079889270e-01
2.261037881078215572e-01
7.027156669782655407e-02
-2.511825322447239772e-01
1.226040296052461620e-01
-2.352593033930091559e-01
7.698380407339493470e-01
-3.587658989673318533e-01
3.450504248866985146e-01
-5.456438309849136470e-01
-8.774107957870165286e-01
-5.154670471914846175e-01
-5.423044580235844014e-01
2.432509118403548554e-01
3.955677956419677566e-01
-9.045097902968454173e-01
6.477134525278697152e-01
2.647325692624632465e-01
-4.844322318493902990e-02
-5.361715075760079552e-01
-1.000000000000000000e+00
4.687659542153344017e-02
1.213998407622510489e-01
-1.000000000000000000e+00
-7.058696950941800718e-01
-9.282536070672809947e-01
7.374354741043838146e-01
7.678752701203499509e-01
-4.519734082290411958e-01
1.000000000000000000e+00
-5.561799329904741906e-01
1.179480988861230095e-01
-4.217527699484104886e-01
-4.721773243666227415e-01
5.176915952931229192e-01
7.524936183613717411e-03
-2.721138557389784496e-01
-1.000000000000000000e+00
6.526478599647408396e-01
-7.915594553401950062e-01
3.110455315891106354e-01
5.554068176690198921e-01
-2.106221612059109016e-01
-6.036302667005817302e-01
-5.965681648525862357e-01
-1.343967412790159424e-02
1.000000000000000000e+00
1.941301847036021877e-01
1.286287919101268828e-01
-1.671893219379300133e-01
-5.948204556135463505e-01
-1.505541194057072318e-01
-3.802153642281703716e-01
3.735738066222691334e-01
-5.809939892669272465e-01
4.363711125130381729e-01
-1.118375053383880297e-01
2.963775342617372965e-01
7.978850561876845715e-01
-1.018786677429396048e-01
2.439558654189936393e-01
1.839417029294465600e-01
-3.582729596219909607e-01
-9.168606767528500456e-02
-8.244785575015947110e-01
-2.361042935045498670e-02
1.000000000000000000e+00
6.446307978491772062e-01
-9.095096636367497878e-01
1.000000000000000000e+00
6.748094885768125828e-02
1.000000000000000000e+00
-6.441356221012015659e-01
4.782348839442566724e-01
2.574137839998358324e-02
2.502034426111772181e-01
-2.827119810506690256e-01
4.100139296560244284e-02
-5.371695745017146181e-03
1.417495278777396728e-01
-4.536423646610062699e-01
3.882201496804125324e-02
-7.752155760147050323e-02
-9.146250568961594718e-01
-1.000000000000000000e+00
8.331250004118833097e-01
1.000000000000000000e+00
6.556672471889175569e-01
3.723404972197938978e-01
-9.037068901251468223e-01
-5.036628467099414364e-01
-3.565289935084255957e-01
-1.000000000000000000e+00
-9.017137246759532321e-01
8.336962099894426048e-01
5.419028069124425251e-01
4.177549928451361749e-01
8.699811348418237111e-01
-2.840879325632590380e-01
-9.128145558461604747e-02
-3.987856825296161034e-01
7.477602620070924466e-01
-3.267359252768971545e-01
7.666415904519761904e-02
4.275111883945163505e-01
7.141962005370049438e-01
-7.544479166663838887e-01
1.845622699232923047e-01
-2.722607580879179423e-01
6.079762974223594796e-01
-1.321686329518063363e-01
5.598200238504437154e-01
-2.251134142821062945e-01
-1.393700032386770982e-01
2.316206066694527221e-01
-8.455349562005839981e-02
1.377862890308581001e-01
8.834776063323802608e-01
1.422754043913431743e-01
7.036115823243707101e-01
1.693278029543170415e-01
1.457587416309076012e-01
-7.721682630649231438e-01
4.293589990068812368e-01
4.660793049288260992e-01
1.000000000000000000e+00
5.572245067193812851e-01
2.267720992773195610e-01
-1.000000000000000000e+00
6.060158603000879163e-01
-5.660353836542666439e-01
3.381480060980853741e-01
4.159252916122019861e-01
2.541548510177940590e-01
2.127115203454385262e-01
-5.846904090479432270e-01
8.755885543385741876e-01
-7.098309559732157714e-01
-4.345514559061746107e-01
-2.292774952381085307e-01
1.471133712824531092e-01
5.473219624089054047e-01
-9.355336537426284238e-01
1.765092713967612026e-01
-4.411689653381914433e-01
1.877744463071788772e-01
3.586020767300989176e-01
7.909389891423947994e-01
4.987488032709350705e-01
1.251883961824778457e-01
-8.427023359737196850e-01
1.049614796548967166e-01
-9.243508504152880834e-01
-9.088387613482520333e-01
-9.689537538254415772e-01
4.631261726119300093e-01
5.680279267384704678e-01
-8.643004442828768896e-01
-5.055854791180696139e-01
2.936260692773945413e-01
-5.479343828478857592e-01
-8.345716978956583265e-01
4.820215871257689522e-02
4.223171016660540733e-01
-8.763514403838877920e-01
-2.689327587931588104e-01
-8.088187357693484847e-01
-4.805638446956346232e-01
-7.517465158151598326e-02
6.331443422969489365e-01
-7.453648380216020275e-01
6.445582680541789289e-01
-4.232993049257187113e-01
1.000000000000000000e+00
-1.000000000000000000e+00
-8.338583259068109710e-01
-7.323031260600766368e-01
-5.263462183814210382e-01
3.589819947051961502e-01
-2.967324026048489063e-02
-1.000000000000000000e+00
3.561188015834598763e-01
2.394677777743719205e-01
4.560192400419943448e-01
9.483688501728487763e-01
1.422995154227595371e-01
1.405153512381226988e-01
2.070750146218103271e-01
2.083677810038866429e-01
6.304719859862764064e-01
1.991649419258791076e-02
2.917902345230801719e-01
-1.000000000000000000e+00
6.861668491412280524e-01
2.122292888130592192e-01
3.782261958675602331e-01
6.818401284235148241e-02
1.185328000105727309e-01
-2.086719645665152389e-01
-8.558156139439122567e-01
5.402348198611972574e-01
6.981810957582196275e-01
3.017629232061629363e-01
1.758910593261263089e-01
-2.245404792625394497e-01
-8.864500645563851977e-01
-4.317547753299648683e-01
-4.172132055009121487e-02
-8.321979146251722304e-01
-6.401389103046227769e-01
-3.925379414874993200e-01
-1.629357720479907845e-01
-2.760277257502988246e-01
-8.575396848935398220e-01
5.301058275922858609e-01
6.188794417509647650e-01
-6.332111055969573687e-01
8.551315572418169975e-01
8.131422484959126562e-01
-5.482662875900997657e-01
1.947744945622372770e-01
3.063576797798568951e-01
3.006820900811387753e-01
4.823380886262845779e-01
7.613426735318982175e-01
9.584469347813669993e-01
-2.267512996467856423e-01
-1.000000000000000000e+00
-9.371614376335786201e-01
9.538266472252082684e-02
-7.604488176265884469e-01
3.770335460304318764e-01
3.934171116060876106e-01
-3.833093117565531394e-01
-1.000000000000000000e+00
7.511096449019187826e-01
-2.661840244901066410e-01
6.013720144688804448e-01
2.867388329520469403e-01
3.848953120378259540e-01
-8.221309347119789557e-01
2.288448372344376036e-01
2.965172661121141529e-01
-2.285913012833158953e-01
-1.717575026286790596e-01
3.306318498944868511e-01
6.654024382417940142e-01
2.462135542746432537e-01
9.431589705826346481e-01
-9.318208455231243859e-01
2.038329536425811661e-01
-2.330117666840790802e-01
-1.952056387858408515e-02
-4.975822643782351062e-01
5.381077303283541280e-01
-3.913616435248281622e-01
1.726285789810310944e-01
-6.656210723704123478e-01
-1.000000000000000000e+00
6.421345765041764908e-01
1.944750936754487680e-01
-1.280588149246923435e-01
-3.657134061116496526e-01
-5.255050090847044331e-01
1.000000000000000000e+00
-1.511083077585404499e-01
-8.788388289704449075e-02
7.237979564054049242e-02
1.000000000000000000e+00
-2.080148433955073262e-01
2.980271237971556797e-01
-6.377348424811603023e-01
-6.324684290156880051e-01
-3.232931535457952421e-01
4.072584856301131317e-01
-2.598857896707819637e-01
1.543167572432903034e-01
-9.493458009036147560e-01
-4.819749668480060589e-01
-9.094019412632941002e-01
4.080165449888361051e-01
7.440526085062307837e-01
-1.632526384086069871e-01
-8.831259480915448767e-01
-6.419465022549053490e-01
2.459559124070654079e-01
7.540604610071554026e-01
-2.700334269825023781e-01
9.049099372761104654e-01
2.859551088224409066e-01
8.158192054757640310e-01
1.000000000000000000e+00
3.804831312349855610e-01
-3.390317053152628879e-01
-5.910359650894072558e-01
1.310915961017985187e-01
-4.076424377950696454e-02
-1.000000000000000000e+00
3.569776691828043663e-02
-1.272350696932206260e-01
1.023629757269645807e-01
8.488156383580777176e-01
-9.116966697562107758e-01
-3.564279049695480706e-01
1.442900414938648734e-01
-7.691371357861642721e-01
6.570370459384615724e-01
-6.131549641949174401e-02
5.990458892746188813e-01
1.733149843226088060e-01
3.013861341120547821e-01
7.448833735020918279e-02
1.299895778159003076e-02
-1.628389065868456609e-01
6.262118578855454532e-01
9.424368020698881132e-01
-9.680970111954307900e-01
3.284074423117978592e-01
-1.577003997913920819e-01
5.479297466675763228e-01
1.667803954658443333e-01
1.548617564812086733e-02
-5.831683352266544551e-01
-1.977234869226548175e-01
5.716515269071398286e-01
5.908731171622103595e-01
-5.510627860291257285e-01
-3.542283123156587110e-01
4.598225855873637746e-01
-9.321851211317723207e-01
5.257923375532942423e-01
2.295844701689272321e-02
2.577177822074141478e-01
-8.860153352264894533e-01
6.851761904742739162e-01
-4.027335253715307317e-01
3.555680721278670076e-01
-6.589486575340856023e-01
2.123507609243197036e-01
3.770915993440922959e-02
3.275816361985602332e-01
6.439553384260857660e-01
9.117123439608686430e-01
-2.355015896082807980e-01
-6.256438447839942629e-01
-9.519599361118152858e-04
2.766903645757610164e-01
-2.885868672504453974e-02
5.288615458103290701e-01
5.301278533578097640e-01
1.250022550122841525e-01
1.860302725844950045e-01
-3.569974668169414445e-01
-9.904825671869212089e-03
-8.770040633084512649e-01
4.965906163739123302e-01
-4.362991127351006360e-01
9.763761535861190111e-02
-2.388702942197784562e-01
4.836364266925375910e-01
1.000000000000000000e+00
4.967125095327123985e-01
-5.749586743528697363e-01
-2.696828539696147775e-01
-1.742991924014457850e-01
3.062427143388296233e-02
-6.951233321322387582e-01
-4.354934180390991894e-01
-8.674134296113733544e-01
-4.288198540677699566e-01
-5.315492602401912237e-01
-2.597434329227386596e-01
1.000000000000000000e+00
-9.225256833236993304e-01
-1.073445264904768492e-01
-5.752550015359977342e-01
9.630210153415771357e-01
-5.782133159878585227e-01
-4.840052174913653804e-01
1.259840017766050146e-01
1.000000000000000000e+00
-6.012710812565303931e-01
-1.074824061795907060e-01
-1.945536135120549681e-01
-6.924708119167137799e-01
4.423059074820405445e-02
4.994133707412664602e-01
1.914327022514467347e-01
5.686102238418400123e-01
-6.741904683627820694e-01
9.615266061707008483e-01
-4.420212497710827027e-01
-5.212717767453602935e-01
-3.661364633807119850e-01
-1.030917851186123890e-01
1.259643812184814415e-02
-1.391267019109861947e-01
-9.888135743000110445e-01
1.926285475804112579e-01
2.054983615160250743e-01
1.000000000000000000e+00
-4.215256482541058780e-01
9.363609682043022575e-01
9.064948706283473268e-01
-4.320655982128699391e-01
-1.095240521842043291e-01
8.408038745361930966e-01
-2.529523852119275329e-01
-2.529903589813813358e-01
1.817926730028525117e-01
1.000000000000000000e+00
1.565306224938951551e-01
6.143541830755245847e-01
6.017402901202120180e-01
5.662074459606691867e-01
-5.787308157778743301e-01
-9.345965871334244168e-01
-6.435013190446053910e-01
-9.444584299196356891e-01
3.627609434604934791e-01
-5.389084133349912875e-01
3.332703153794013273e-01
-1.678262841477993206e-01
-1.907172247396119458e-01
-2.027210592347478135e-01
2.034081451977620691e-01
-3.770125179896663958e-01
-5.567404147209102927e-01
-5.946422287801683693e-01
8.612273853727695494e-01
-3.858487150689861034e-01
-9.749633105946808875e-02
-7.551778843377716655e-01
9.298942906882197157e-01
-3.588994823371137455e-02
-9.237243710863736190e-01
-1.188213202413642977e-01
5.065855750417266323e-01
1.555969193472179768e-01
-4.840097471039768728e-01
-9.735906813461826514e-01
-1.000000000000000000e+00
3.605816619586057481e-01
-4.295020447171675193e-01
9.714372645147180130e-01
-1.000000000000000000e+00
-1.512556867306502351e-01
9.742063006948353809e-01
1.329069642753815672e-01
6.755101952287474454e-01
7.688818174064004918e-01
-3.996243161657638682e-03
-6.536999576775930354e-01
-6.671204045491360146e-01
2.942737285546526138e-01
8.169032987961247216e-02
-1.000000000000000000e+00
-4.682675013741960934e-01
-8.462412771493705854e-01
2.273745313977966198e-01
3.605479541425300472e-01
3.746057193955315556e-01
7.146508827959603405e-01
-4.513541744288289692e-01
-2.293500409887045954e-01
-5.205103908392324508e-01
9.320589230287031901e-01
-2.157535378956491057e-01
6.126903919393051900e-01
1.804922167321693083e-01
4.569009990862518134e-01
-1.676421889200495063e-01
4.580720766197208249e-01
6.167643476421800219e-01
3.919879272448320018e-01
-2.644665341863894348e-02
4.328832877086747910e-01
-3.984192287866670235e-01
4.679165070561479567e-01
1.298130433643344128e-01
-1.496829967323909938e-01
-7.729410289882722163e-01
-5.651450274906399951e-01
4.187239909094420121e-02
1.913674044546703201e-01
-3.551852247002217355e-01
-4.244223312675693416e-02
-4.819249259869757412e-02
-3.151600494824693399e-01
-1.000000000000000000e+00
-8.371946783240201695e-01
-2.872442548812995655e-01
-9.155873939041313248e-02
1.000000000000000000e+00
-2.474883265854932457e-02
-4.711184809490616132e-01
-3.775986636471253544e-01
9.217029925536368573e-01
-2.103647109290352479e-01
9.863737402511346675e-01
-5.228283099441882742e-01
6.247803432083902653e-01
-1.726194189062099371e-01
3.277716469723254700e-01
-1.000000000000000000e+00
7.937583932076850424e-01
4.476668148010172210e-01
-5.554625605169863922e-01
4.196604114092028492e-01
6.688729978162361034e-01
2.918531577884359574e-01
-4.660412480920507194e-01
-1.243415558612201016e-01
3.151321180777121866e-01
6.098077991221036165e-02
8.532581894599796657e-01
9.538013116673385028e-01
-2.233521649844642520e-01
2.092550007989011918e-01
9.862026764798699219e-01
-4.113031774321475598e-01
-3.755164861294984502e-01
-8.390220590048769189e-02
4.636773932759290506e-01
-6.375198555403547296e-01
1.000000000000000000e+00
1.032644647928525616e-01
-7.946381876546364520e-01
1.989148243900658031e-01
-1.000000000000000000e+00
-3.775565246768549099e-01
8.923317960781480540e-01
3.192576654455183682e-01
-5.992479927357071690e-01
1.283829497004417841e-01
1.000000000000000000e+00
-8.651708023183186658e-01
9.537782650729064171e-01
4.900258912218087293e-01
-1.614114028962342073e-01
-4.455763026542167715e-01
-3.094271743027334765e-01
-7.356138084104923980e-01
-6.844468971530689450e-01
4.819757275246817629e-01
2.770875173075483533e-02
-5.377822548852380091e-01
3.331475760820228338e-01
-8.508332089075685278e-01
3.081192814980091010e-01
1.000000000000000000e+00
8.271907706141697902e-01
1.237991334424821399e-01
-3.045974735819471091e-01
-9.551893442336207851e-01
4.344565321253022194e-01
2.102902552962636340e-01
-9.607463761540890879e-01
-1.901610297269561434e-01
4.198688950868819103e-01
-8.751991981793769138e-02
4.522489899662401891e-01
-7.205803398948537608e-02
-4.063806796030571822e-01
-1.956437855879809007e-01
-6.733406655603854651e-02
-6.399165940291522414e-01
3.826692716523629190e-01
-9.840112400129641390e-01
8.567345134067450019e-01
7.653014979625410996e-01
-1.035473917757743639e-01
-9.789583177742139375e-01
-6.654498594846514070e-03
-5.928710374474029932e-01
-6.303954569072771630e-01
-8.080930454439856636e-02
-7.993574265989120131e-02
-9.017634736709904120e-01
-1.000000000000000000e+00
-1.234139947868531373e-01
5.039086389680367262e-01
-8.275385287590418526e-02
9.821583965958057272e-01
-6.151482066764616397e-01
-2.330982295342980959e-01
-7.144846382659842954e-01
7.912709268217947844e-01
-8.119958838526333267e-01
4.034895610767516572e-01
-7.608420778845825794e-01
5.326384051439378986e-01
-9.164716755484189625e-02
2.726355829835553912e-01
-2.674188089567832161e-01
9.609766502941005095e-01
-5.352210999791711110e-01
4.469739982460457228e-01
-1.059712108433346067e-01
3.853523515113480014e-01
-8.786899177485846257e-01
3.504455817052672950e-01
-5.163228019536044711e-01
-9.589314019153823976e-01
5.182305286504147457e-01
-6.968273849996762248e-01
-4.161428605196535457e-01
-4.522847828820738408e-02
-6.403114972229062563e-02
6.660746807168080874e-01
8.081204932277739200e-03
-5.234029612049789781e-01
1.453096212615411220e-01
-1.221259935407253694e-01
5.641250574861926825e-01
-5.394957892856008241e-01
6.595143479469052217e-01
-8.840572891436297986e-01
8.473321716713128060e-02
-6.691999029029166435e-02
4.783299375663170594e-02
3.295909503775492078e-01
-1.000000000000000000e+00
5.210504172749018670e-01
4.225579653730727747e-01
-1.000000000000000000e+00
5.324620870862875055e-01
-8.879299172694998799e-01
-1.000000000000000000e+00
-2.802084889326950656e-01
-4.091793690402690808e-01
7.611187605935560985e-01
-9.592392088938754835e-01
5.194837623919891234e-01
8.723770994869329831e-01
-2.734765845179258359e-01
1.000000000000000000e+00
1.396982692109393076e-01
1.883705859844027330e-01
-2.914242884215886842e-01
-6.975084078038318314e-01
7.021923119461981333e-01
2.451386577257665123e-01
4.024309568501489576e-01
6.389080649852076910e-01
6.548026549886367675e-01
9.250959553283581993e-01
1.026550065220327712e-01
4.914966076468754719e-01
-3.516306613998912978e-01
1.071919240023689740e-01
-2.320558557432512992e-01
6.004921067549167102e-01
1.834465330635021707e-01
-4.704869749467561757e-01
-2.808935730833692634e-01
9.300151622752572678e-01
-9.640313969397009686e-01
-6.282277036806328541e-01
4.513400451075169628e-01
7.808162308974510024e-01
-1.095414233945086468e-01
-6.481935517702934746e-01
9.271313270187951927e-01
-1.191220730959204332e-01
9.327078109922842808e-02
3.022949469350466045e-01
8.257391977956476392e-01
-1.650795930379119758e-01
2.550138598759567055e-01
-6.824328991569088565e-01
-3.025648588947783546e-01
-9.157015348158142887e-01
2.123462849583662715e-01
-5.901518062533380737e-01
-1.916028671596652910e-01
-1.000000000000000000e+00
1.000000000000000000e+00
5.887438948178344011e-01
1.000000000000000000e+00
1.816385463696515434e-01
6.911304492446036785e-02
-6.453830642551241503e-01
4.487075046570970782e-01
1.032915342375688716e-01
-4.157484404779082654e-01
4.274106589545857982e-01
-4.960322567571766039e-01
6.639109998242644917e-01
1.166084435313250456e-01
3.330742653050433599e-01
2.199934395340488458e-01
4.531186732573534992e-01
8.380194398702940362e-01
2.346202779051716203e-02
9.586356395819481957e-01
-2.532991256200229913e-01
2.238816806299891715e-01
1.054021259522655019e-01
-5.461695868573059887e-01
-3.694818425762478875e-01
-8.175766252784790744e-01
-1.672376624065783912e-01
-3.146563916626600454e-02
4.936490233252615045e-01
1.464076310667761505e-01
1.000000000000000000e+00
-7.979123214441258272e-01
-1.018746031431916471e-01
1.000000000000000000e+00
5.778366570772361932e-01
1.000000000000000000e+00
-2.166848186581865621e-02
7.290538935842927337e-02
9.535395791998582116e-01
1.068502094747357696e-02
-2.954186490082945649e-01
-2.824320094094465161e-01
-3.539721214823083884e-01
7.877047044726953606e-01
-2.224138577345375900e-01
-6.413274475410013498e-01
-1.862105076482026278e-02
-4.138757980210474585e-01
-5.020936946919938304e-01
1.137817569216431485e-01
2.124135086067271971e-01
6.650627124246093480e-01
5.870493730257606568e-01
5.460763422340095957e-02
3.844185888570427201e-01
-2.490530085179851749e-01
1.000000000000000000e+00
-7.874741858929571459e-01
-9.527555493646899798e-01
-9.550942190996916104e-01
-3.237575376313759357e-01
3.529791837104279129e-01
4.490077344307566443e-02
5.486138134453052428e-01
-5.630434017183446466e-02
-2.130718515453745854e-02
-1.000000000000000000e+00
8.919413222309990896e-03
6.081450587574979139e-01
-1.000000000000000000e+00
4.509824253104181835e-02
-5.106331226678989532e-01
1.178628052231068812e-01
-1.030094021932164983e-01
9.556571972125585956e-01
-1.000000000000000000e+00
1.000000000000000000e+00
2.148584958633835695e-01
-1.211325249638046109e-01
1.000000000000000000e+00
-4.106256875956399988e-01
-8.005862605633423668e-01
1.000000000000000000e+00
-4.276550945956210104e-01
1.299985729473336071e-01
-1.098860009327964349e-01
3.215885881064566298e-01
-5.340517467321592715e-01
-4.211415652146275335e-01
3.673465127260053809e-01
-9.466242893954956994e-01
-4.672276677948458690e-01
7.351451886612652142e-01
7.236954537170144086e-02
1.000000000000000000e+00
2.799307443352471170e-01
-8.763695476228681169e-01
-4.523038534845611469e-01
2.818438600711552500e-01
-1.857967509149782981e-01
1.196122508192889178e-01
-1.000000000000000000e+00
3.135954902096646513e-01
-5.793664109019599495e-01
9.284889589913352115e-01
8.113805071306620098e-01
-2.364701206779389608e-01
-5.262280725970763795e-01
2.248226153272376293e-01
-4.824469982205015217e-01
2.118056338023431573e-01
-7.256945978358777527e-01
3.865538978576667506e-01
4.488206474302844362e-01
-1.677948144875783532e-01
6.567095071729987799e-02
3.121523884895102685e-02
9.607175612635450168e-01
-2.543161933606508107e-01
-2.262909413148675719e-01
-2.503243714272073706e-01
-2.928250944836860992e-01
4.651147606211906149e-01
3.805269726233156957e-02
3.216530920347830946e-01
3.002562305073790822e-02
-6.393965103812057627e-02
4.710004825642031268e-01
-2.685331925064698977e-01
-9.037770723986086052e-01
-4.831083980488912744e-01
-2.921045797907504959e-01
-5.523717418134147517e-01
7.144804809832309145e-01
-1.365279852235645186e-01
6.890502349100481594e-02
2.517268425568135459e-01
1.128386248907356643e-01
-5.891110811541150349e-02
4.967995389441156595e-01
7.496749347736341162e-01
8.287797165572086122e-01
5.692586228006203397e-01
-6.340743514147952897e-01
7.925679812807187585e-03
-7.266153490680459237e-01
2.401615293145554220e-01
-1.513254984844978335e-01
-6.560280082588577644e-01
-5.700894872618104958e-02
-8.994648368155130358e-01
1.795064061532912758e-01
2.779673302449559014e-02
-4.564653436521133312e-01
-6.003411920371396621e-02
-3.996940474444534708e-01
6.830583155366045656e-01
4.494596638874799321e-01
-7.613817729138620816e-02
-3.020711243807606694e-01
8.279484464180801861e-01
5.814582218674634734e-02
1.143358911798290772e-01
5.401149435439397406e-01
-3.954252319906129132e-01
-2.959842273940679336e-01
-2.142010329199545843e-03
6.413446670255394944e-01
5.322183710158149283e-01
-5.717490594069007948e-01
6.797494735990786685e-01
7.888670668546379217e-01
1.000000000000000000e+00
4.664753047208495818e-01
8.261370877637091992e-01
-4.403263934332631857e-01
-8.545569948748128475e-01
-3.695307158402833525e-01
1.517457158408972162e-01
9.515307200437828072e-01
1.396857811085112366e-01
-8.121870132798471031e-01
-3.699150906525805471e-01
-5.291200969760696537e-01
-3.764367761172600635e-01
-8.573236289451376946e-01
6.608757898653516705e-01
-8.803055775426118501e-01
7.657971975975781387e-01
-9.048932726452484365e-01
2.474794824855205966e-01
-1.000000000000000000e+00
9.454438516416834304e-01
2.342655871447631433e-01
-6.703098950464200234e-01
6.388065341218536197e-01
3.139331455579006946e-01
-7.652199685801706064e-01
1.000000000000000000e+00
7.750914502558975405e-01
8.082067287457560256e-02
3.895496299120698169e-01
4.203665585000049831e-01
-1.000000000000000000e+00
1.023442799578129225e-01
3.567196813253322163e-01
-9.161713834602407125e-02
2.671851213362457789e-01
-6.739372129475873496e-02
4.291777821742173149e-01
-5.589941256355872579e-01
2.945501264307829326e-01
7.034708623080904166e-01
-9.511321182052037138e-01
6.478061609783488661e-01
-1.000000000000000000e+00
4.811324115724366912e-01
-4.192691133265489256e-01
1.287868109198462563e-01
-1.000000000000000000e+00
-1.656794562681130623e-01
9.291405216592470984e-01
1.000000000000000000e+00
-3.472594600947787047e-01
-4.619490189105988631e-01
8.723765949197944680e-01
-3.265159267830819445e-01
1.000000000000000000e+00
8.605639049834191701e-01
7.748558337597806212e-01
2.183563960014071534e-02
-1.000000000000000000e+00
3.017966145959374846e-01
-2.320100825532210864e-01
4.842252755383916751e-01
-7.207996704033899915e-01
-6.571617181479610936e-03
5.454106459458500922e-01
-3.064310142392693836e-01
-1.500049359446844754e-01
8.317452357165636689e-01
6.587260554312285299e-01
9.647699248001115890e-01
6.476865632342427848e-01
-8.892174086939418354e-01
4.476394363627085871e-01
7.291914638346733146e-02
-9.145415009728106170e-01
5.023559311910996694e-01
-3.272104322847700364e-01
-1.000000000000000000e+00
2.558927349623457692e-01
-9.109072388715414026e-02
8.119001277318307341e-01
-8.719174532182126791e-01
2.550485224802316320e-01
3.837637502473330020e-01
6.315239903729277793e-02
-4.494140774900148849e-02
-4.549229638154941163e-02
-3.957063522691605523e-02
-4.794388756770809890e-01
-1.348460237484080115e-01
-6.829761291037348414e-01
-1.281283483070411178e-01
6.159716036081137602e-01
2.782969585861689299e-01
7.464522564357863876e-01
2.181512904802886677e-01
-9.805982370339533238e-01
-5.370544884698565946e-01
3.098475992986170491e-01
-5.728940446146053578e-01
-7.706405302813403857e-01
-1.549802235294350239e-01
-6.030128812461524879e-01
-1.530134913509956229e-02
-1.000000000000000000e+00
-2.249268127189504307e-01
-4.376702751848005613e-01
-5.124074053369706006e-01
-2.953910685437004524e-01
2.193550253581600107e-01
-6.924856363969578155e-01
1.355422633129977350e-01
-4.604212417486372444e-01
-3.662800651539265678e-02
-3.062764037447183729e-01
7.345170719087154576e-02
-6.900802599838797846e-01
-4.321864037481051302e-01
1.000000000000000000e+00
5.684924869412370796e-02
-2.454104020759152460e-01
-5.809547964631784911e-01
-9.744950321827973161e-01
-2.110187910725698779e-01
7.506794962724011588e-01
1.000000000000000000e+00
6.617347633070891355e-01
-4.750945349896756875e-01
-5.283681100172517020e-01
-3.844779085915878136e-01
-1.000000000000000000e+00
-5.510589308621930416e-01
-7.702678920303995813e-02
-3.815696720031213629e-01
-5.399377149993855873e-01
-1.000000000000000000e+00
-9.371157617982842636e-01
-6.246282124539851432e-01
9.324562049872556768e-01
-2.132241729330565660e-01
-2.776086212971272116e-01
-9.347956734452749217e-01
-7.719226166448625026e-01
-5.434807422000904609e-01
-6.548819220097585880e-01
1.447216380142993253e-01
-5.377626527790376754e-01
-7.664879156122348380e-01
6.309903683306364863e-01
-8.983662512612804463e-01
-5.024916930959392181e-01
1.000000000000000000e+00
-2.142026350564379955e-01
-4.263028723402328274e-02
-3.945110292277457242e-01
1.434021226131323712e-01
1.476993004912924290e-01
-6.176378198141657672e-01
4.411650772801057885e-01
-3.897912894337256240e-02
-4.544841680684141849e-01
1.384522021630560373e-01
-4.593175793680311370e-01
-3.431992906057451664e-02
-2.504269160883334511e-01
-7.844133729782599707e-01
7.590956886399110592e-01
4.564956841170497159e-01
7.237083638492600723e-01
-1.000000000000000000e+00
5.977632676726085670e-02
-1.000000000000000000e+00
1.000000000000000000e+00
-7.250386823356714805e-01
-3.310990164768017885e-01
-4.170521152089600725e-01
-1.000000000000000000e+00
-4.774198522248613852e-01
-3.617409783924252498e-01
6.225242490372324689e-01
8.886129022834258206e-01
1.867470651448532859e-01
5.802347043618882871e-01
8.799464719481323027e-02
-6.118948896883125155e-01
8.033668293559277362e-01
-4.465928354398973621e-01
3.965141771331971432e-01
-5.930374030853250433e-01
2.039382763627722306e-01
-1.000000000000000000e+00
-4.222907170622184347e-01
-2.537023504450549583e-01
2.542826893814275624e-01
4.448975294822403448e-02
3.177851348140494081e-01
2.623723310474747605e-01
-1.000000000000000000e+00
-3.103356133901206126e-01
8.248612726561582731e-01
-1.248346291071553565e-01
-1.189167723638606330e-02
1.000000000000000000e+00
-7.002051120450381028e-01
-3.310247375987640517e-01
1.522525413214906864e-01
-6.632434238007403060e-01
2.030215490554280744e-01
5.419876574644618694e-01
1.005862702532576147e-01
-7.575018813303378007e-01
-1.000000000000000000e+00
4.483340773381673250e-01
-3.684328924347701761e-01
7.603111991169855255e-01
-4.616996044601943128e-01
1.000000000000000000e+00
4.925164043843746620e-01
-6.839160954760346023e-01
-5.994088008652254107e-01
-1.833704971558367536e-01
1.443648993706032613e-01
2.109964881918285351e-01
1.312059422546876242e-01
1.229734147392710780e-01
1.298190697091077817e-01
1.031731377758914742e-01
-8.138492964606329760e-01
1.193226375104395887e-01
6.538770794406786324e-01
-3.795773256929561162e-02
-1.000000000000000000e+00
-7.699514550998487472e-01
-6.486430172150234874e-01
7.385063781899399160e-01
-6.050252774563200653e-01
