2.825266674484094298e-01
2.520933890770291619e-01
-1.062796243588560868e-01
-3.647666114707298068e-01
-7.934891738820361029e-01
-2.700302162178465359e-02
1.065000804257575373e-01
8.936410452944293370e-01
6.546538899825951052e-01
-1.733769063638280206e-01
-7.988330370502241262e-01
-4.730707308561781232e-01
6.935879809234927196e-01
-7.155134811077722423e-01
-2.489952791235778840e-01
1.711102938377680460e-01
7.503658178828335190e-01
-2.369714729974322642e-01
8.528407727747312483e-01
3.022243646487034474e-01
-1.404604618454874387e-03
1.000000000000000000e+00
-5.935520566604794712e-02
3.698099570622699339e-01
-2.742760689614271996e-01
-2.054631431015676857e-01
6.392563561837507624e-01
-1.927393003969345431e-01
-1.279145284542084759e-01
2.430471520612503822e-02
7.728435718193111814e-01
-1.378763423237218677e-01
-2.673773013975701968e-02
-4.707560973965051465e-01
-4.917478154159760084e-01
3.317206526479261619e-01
-4.535581909754070606e-01
-1.197266508871776131e-01
-3.666919926029943433e-01
3.627172856188762284e-01
1.421397720620329874e-01
1.000000000000000000e+00
-1.000000000000000000e+00
-7.918184656222546636e-01
5.033675590915100972e-01
-4.036462000484781765e-01
2.493751152454220521e-01
-1.000000000000000000e+00
1.410648802348087871e-01
5.678117716193670228e-04
-3.540596989265014649e-01
-2.387028952177793484e-01
5.974767603293446028e-02
4.860708734078559856e-01
-3.753700262401202248e-02
2.047121607682495792e-01
1.000000000000000000e+00
-5.783831068009592791e-01
1.610984563614986653e-02
4.061085872919817374e-01
-1.000000000000000000e+00
4.727378608389282144e-01
-4.146716318090962750e-01
-7.317472193109200163e-01
-7.739227223348317253e-01
4.007115082479849044e-01
-4.033063352646084621e-01
-7.070582336753642450e-01
2.229611525824318208e-01
8.885652817828864070e-01
1.953374351814266274e-01
4.868249567093266839e-01
-3.380755004820217291e-01
-4.578232546366232114e-01
7.375685264326069523e-01
3.093894580069882494e-01
7.204569354612010423e-01
1.168938976661546419e-01
2.817291627072356919e-01
-1.054030260065168395e-01
6.031342737340735782e-01
-7.040622639415326789e-02
9.054076976452710701e-01
-6.659480891025426619e-01
3.775328659799055964e-01
-7.542627978232717689e-01
-3.744588873885698610e-01
3.117601452991665689e-01
1.353521095498402271e-01
-6.042474122492933475e-01
-4.746849832649485679e-01
-3.268660911987474882e-01
-2.703554952874469564e-01
3.025468449749069144e-01
-9.395641524014677892e-02
5.190152011842225077e-01
3.022581769742335722e-01
-3.011453028820691435e-01
6.980235728230107517e-01
1.756967843240400118e-01
-5.071571062691129228e-01
-2.009717099475138435e-01
4.259853785530484660e-01
-9.197819083747883762e-02
1.708509795346487697e-02
-3.464061123746751125e-01
3.491873576328051176e-01
7.420232918232267938e-01
-3.309385127170478419e-02
-3.026474023334229102e-01
6.957975652716690274e-01
-6.790455199998881586e-01
5.179296133141098046e-02
-3.092231539231226067e-01
-5.204327159793893376e-01
-1.986400010994586462e-01
-2.785510326446640206e-01
3.351569495714611380e-01
2.517731479239134207e-01
-4.732769438224029290e-01
-6.169587840014978397e-01
-3.486176321611577644e-01
1.833043545216226089e-01
6.348783121345978886e-01
-2.743113135623764243e-01
-8.500708997872894468e-01
-2.693026356036542501e-01
5.077792099006630533e-01
1.790147576538099194e-01
6.754707416163910905e-01
1.830753863795561709e-01
8.031509888718625367e-01
6.842086806228416807e-01
-2.211148352954246943e-01
1.000000000000000000e+00
4.660611329825393168e-01
-3.483823567244224984e-02
5.620084548018735582e-01
4.738612505018118259e-01
-5.985456805582753392e-02
4.125272377138576307e-01
-6.983885420125421351e-02
-6.820855122566468753e-02
-1.000000000000000000e+00
-7.380581866629394305e-01
2.872856702213481134e-02
3.491188851091962531e-01
6.717312065016072253e-01
-1.486117373691497601e-01
8.043452015066707705e-01
-9.353775625604411337e-01
-1.819442122450120602e-01
3.971688784428495933e-01
4.595085586901773711e-01
1.662446747432516636e-02
-1.300382199238694914e-01
-2.957975413630909434e-01
-7.084150083486501215e-01
5.569018476023328557e-01
9.793578993189151483e-01
7.120559511976721767e-01
6.720855555000913861e-02
-5.270263038773320696e-01
1.761200478251823132e-01
6.541829236252627577e-01
6.084794661332083576e-01
2.864226201029654861e-01
-4.008059774066596859e-01
-4.117272156604195876e-02
-2.482205483272926783e-01
-4.997183468135960038e-02
8.822057591761979234e-01
4.931663728361451726e-01
5.389865109274393218e-01
1.037912025914199399e-01
7.298237412661651158e-01
9.407980509791175061e-02
-9.057792005178039174e-02
1.000000000000000000e+00
-6.398549199517733488e-02
-8.135812706797406202e-01
-1.037010067169809868e-01
3.432265838747655673e-01
7.981898782311382945e-01
4.673423828527266677e-01
3.215554102421107063e-01
-5.764452676354930860e-01
-7.335293191036261762e-01
1.537382968995384125e-01
5.211795293990806321e-01
-2.552142590418828849e-01
8.269554145469998341e-01
4.104092337405262914e-02
7.401915411570174630e-01
-2.348847505088271226e-01
8.138601390238223154e-02
1.240600489482744373e-01
2.201323080013124767e-01
9.642097957804356134e-02
-8.777330792975814866e-01
1.101114100902669396e-01
-8.778909427054644166e-01
-8.987291798796992470e-01
3.809742491682666654e-01
-7.542203382299588199e-01
-2.370207203828235687e-01
2.519216131940408832e-01
1.000000000000000000e+00
-2.494056525091163934e-01
-6.893395415236608370e-01
4.538274099102663772e-01
6.922378879610360247e-01
-3.432958418550653423e-01
-7.805501641589494000e-01
-1.873986167074027098e-01
-7.751915192721432479e-01
6.104908970674399749e-01
3.273863384249675601e-02
-1.425432451821413149e-01
5.047039059991680343e-01
1.081236088337418910e-01
6.697737205859625176e-01
-3.029420446157974345e-01
3.208456471207883354e-01
-5.989089379487146092e-03
-4.661637577074244088e-01
-1.688675214281988024e-01
3.623670730639568793e-01
-3.807523797670538390e-01
-8.648514482360500355e-02
-5.480173495357810731e-01
-5.166937339708053134e-01
-2.263385073800820435e-01
3.851906718652168826e-01
-2.077933575458777160e-01
2.582157333520748721e-01
-3.221659041145658597e-01
3.418573501293148964e-01
3.585770895610382869e-01
3.148694630634704117e-01
1.800406156774755628e-01
-6.666964959926401091e-02
1.099208565272933869e-01
-6.650000220808045537e-01
-1.019512037599784593e-01
-5.805997404131482131e-01
6.756742454577565615e-01
-1.737990100759229106e-01
-9.716243793363152359e-03
5.181359251178545566e-01
2.503748604529735244e-01
-5.320746760855445956e-01
1.877466436401780125e-01
5.410698973017837865e-01
4.732388579881627866e-01
7.098292380958635128e-01
-2.500623200742846386e-01
1.477135011476658211e-01
-4.945371762326098430e-01
-7.944472942890032363e-02
7.061377739286347488e-01
-3.118088347873171351e-01
-1.000000000000000000e+00
-1.860548822995606588e-01
-5.760053671490114047e-01
-3.195510182599834437e-01
-5.899476351895258652e-01
8.641558210740988288e-01
1.000000000000000000e+00
-7.222862636495611666e-01
2.199567003869825621e-01
7.079038062206570725e-01
1.656743178233761604e-01
-3.158365021825146890e-01
6.293048298867995327e-02
-1.055481995161764996e-01
1.659607420699303337e-01
-7.542722444182178299e-01
9.228758034459321191e-01
-3.825209595299626786e-01
-8.608222608108838658e-01
-1.000000000000000000e+00
9.998250604264208308e-01
2.966898697462611589e-01
-2.168921182648412826e-01
1.868202743152827527e-01
3.882222980648014632e-01
-1.103726523240272928e-01
4.631713269092536667e-01
-7.940527843914159112e-01
3.681447102710558861e-01
4.083867219169902141e-01
4.447651033782633601e-01
1.077226176936185720e-01
-1.779710614456702922e-01
8.048495596772756722e-01
2.823658385484469902e-01
-5.810816026710242665e-01
5.824572249036796823e-02
7.926735445043937567e-01
6.199421724321787508e-01
3.938685778177840602e-01
-6.516279553551880266e-01
-4.831186106278714254e-01
3.790860958086211263e-01
-3.593783927943182688e-01
4.388887771621214906e-01
2.075125344958954066e-01
3.522577118215519665e-01
-4.102564284551497575e-01
-3.330759344397803412e-01
4.945371762326098430e-01
-4.982649763197447568e-01
-2.184729593741792375e-02
-1.000000000000000000e+00
-5.436674175781663898e-01
-5.603457499852272372e-01
-1.000000000000000000e+00
-7.708721363293529194e-01
-1.340730618489365256e-01
1.000000000000000000e+00
-7.700420428021965691e-01
6.525830348698358208e-01
5.478804249587196917e-01
1.000000000000000000e+00
4.457873509021953451e-01
1.000000000000000000e+00
3.176629804409356606e-01
-5.335289444019686300e-01
-1.000000000000000000e+00
-2.791237345004998205e-01
3.706910923726287610e-01
3.329070535733780201e-02
-8.239696541067273450e-02
3.481039276613542843e-01
-9.044498062995582899e-01
9.370043599244565202e-02
4.329266739135755881e-01
7.624931840924503712e-01
3.221701500384628325e-01
-4.945371762326098430e-01
7.224659677514170264e-01
-2.473762548393065863e-01
2.598200194709018862e-01
-2.696777829684072758e-01
-1.000000000000000000e+00
-9.834908064220998503e-02
2.717975033667621165e-01
-2.878272217399784338e-01
-3.495164183835632876e-01
-2.462907353657360354e-01
7.270226648071405062e-01
6.485735008478195063e-01
4.942551819964070003e-01
-3.951877951544501277e-01
1.766043833011328446e-01
4.211297905971490563e-01
-1.007240046559907676e-01
-1.656951464430143073e-01
-5.481600892969671346e-01
-4.005305934557653602e-01
-4.567004198855234565e-01
-1.772554902246854525e-01
-1.334201672479338185e-01
-1.200010191696371242e-01
5.863227402100096297e-01
-3.625490416556741424e-01
-6.963244931424106277e-01
-1.000000000000000000e+00
-4.665732636319415427e-02
-2.195632187198167384e-01
-1.000000000000000000e+00
1.894551547618733844e-01
2.697137557729049062e-01
3.180712454526004596e-01
1.750510343182166695e-01
-6.058873056818366853e-01
-3.371685047513870992e-01
8.729192855730346645e-01
-8.087476544797678191e-01
6.201832334417869408e-01
6.063115793751799876e-01
-4.980740640207413916e-01
-2.291917558837516244e-01
-4.392929667612832656e-01
-3.918808784265162548e-01
6.563514191896867300e-02
5.310637323309064239e-01
-1.000000000000000000e+00
1.252310944870921872e-01
-2.848246707693650737e-01
2.184266858117566157e-01
-8.329691926372859156e-02
-2.088264503258150939e-01
-5.518418496440840038e-01
1.164302358166816459e-01
-6.253714628995726832e-01
4.863311385305710832e-01
-6.809970719564087949e-01
-6.206417969134998547e-01
7.928952616754317839e-01
2.237933949782391074e-01
8.866006902119389910e-01
-5.919604714828842207e-01
-1.514215967312394495e-01
-1.000000000000000000e+00
-4.816344873331157572e-01
-6.125913508773993543e-01
-2.456270901772724669e-01
2.311122397518532989e-01
9.970122200565900705e-02
4.597115209665614266e-01
-1.310486290102672036e-01
7.830402594055032583e-01
-4.380294425397321945e-01
-4.945371762326098430e-01
-6.108176995444196677e-01
-1.590542552484259242e-01
1.000000000000000000e+00
2.479208612151046209e-01
6.171996418631030545e-01
-8.242285646936529098e-01
-9.632083873593320911e-02
2.568500561352127787e-01
4.737952798351198758e-01
7.594630627944840007e-02
-4.192587207634856927e-01
-2.392417875916814096e-01
4.272745784950215953e-01
-4.088232365770570476e-01
2.277676124475108421e-01
-2.958286872196831951e-01
1.000000000000000000e+00
3.752113328478128285e-01
8.798894103727217253e-02
-2.137070886339240694e-01
-3.902679450648118831e-01
-5.407996704468155391e-01
2.208867010655174712e-01
1.714733480948448519e-01
-3.035090474000756711e-01
-3.560221812429151811e-01
-1.792168740792091097e-01
-3.707099037888039739e-01
-7.600240566030815881e-01
-4.083583295033901273e-01
-2.930702400697595689e-01
1.405252517532358525e-01
-2.474252845886758534e-01
-3.898788630491072799e-03
-2.406431775609051693e-01
4.708200624176930860e-01
4.489058659926697947e-02
-8.443121517685673316e-01
-1.034904521762236296e-01
2.876026400531935256e-01
-3.563156868065857075e-01
-6.182990992285015697e-01
-4.462920324094398761e-01
-9.747214528887973573e-02
1.674364542100093833e-01
3.072768432625302276e-02
-9.598555950719744878e-02
4.323409487554750741e-01
5.230913915618189414e-01
7.291216821112477264e-01
6.295412165383517111e-01
-6.866235553402215697e-01
-1.171455475787898520e-01
4.867350872986230259e-01
5.443518819855693858e-01
2.119302656057874268e-01
-3.916351956155824654e-01
2.488295208899987121e-01
3.353387766246059276e-01
-3.477996262788405346e-01
-3.560762321647023554e-02
-2.627552025223027776e-01
6.270281676179274566e-01
6.885253143811921606e-02
6.426760892641861234e-02
-3.659741554050190415e-01
5.732736353214128444e-01
4.673640928738252986e-01
-7.031050188000893542e-01
5.353974120093711597e-02
3.507514109404138991e-02
-2.703671440913156254e-01
3.746169188037434816e-01
4.116840914221410741e-01
5.822246173989912288e-01
-4.628052371193207559e-01
-4.690784124712604752e-01
-5.854467547747506107e-01
-8.157457414640485460e-01
-2.762100702901749694e-01
-3.093266626685859944e-01
2.263393307660859222e-01
-8.739035110891072433e-01
4.482540336508580858e-01
-2.630985028131200831e-01
-5.335281116322023731e-01
6.844414297161588445e-01
2.097049126980767286e-01
-5.071636860273261993e-01
-1.396330668050650703e-01
1.000000000000000000e+00
2.751424524083582179e-01
3.322414328096174874e-01
3.485244820381491193e-01
4.738232831438031201e-01
-3.303157973937888015e-01
7.453802420206796508e-01
1.621060390491615155e-01
1.000000000000000000e+00
1.857873451705536749e-01
9.420222751688600571e-02
2.367529469306559053e-03
1.997104556427455879e-01
3.728932717306203126e-01
-1.084668604274125758e-01
-9.620594987766027673e-02
3.876241032810984199e-01
-7.643828883697159071e-01
2.571522014483603596e-02
3.012632366250828642e-01
-5.469104822640639130e-01
3.684136378201703366e-01
6.636343005316843735e-01
-1.000000000000000000e+00
3.776541237995033606e-01
-2.225445636708476282e-01
-5.108920089987706303e-01
7.456284491851201679e-01
3.609199516757494175e-01
1.000000000000000000e+00
2.860977373582400396e-02
-3.856399240400992245e-01
5.828004944173095225e-01
-2.663620260543083096e-01
4.494039338985500454e-01
-3.705257979255300871e-01
6.337649278778996198e-01
-4.049669412143510061e-01
-2.451849243711885229e-01
-4.424689445107321539e-01
-3.330794364252431805e-01
-7.636827953717170159e-01
-1.000000000000000000e+00
-6.139324783130922780e-01
-5.914830604620457954e-02
6.206429044435388676e-01
-1.097046307394141662e-01
-5.238947885436586738e-01
-3.271395724033374641e-01
2.512021242122227660e-01
2.961564479181306719e-01
-2.532275384148990893e-01
-4.604162317979001440e-01
9.824560058629333570e-02
1.000000000000000000e+00
-1.223280975320883146e-01
-1.344860115617223517e-01
1.944106547218512615e-01
1.466260473894761551e-01
-1.000000000000000000e+00
5.828892645601198019e-01
5.350619154901536945e-01
3.801600210351945841e-01
5.522204535949593041e-01
-4.551774228861938387e-01
5.411721615170255184e-01
-2.158125997898496795e-02
-7.349230563483871714e-01
-3.010776172794607519e-02
-6.032310361943431509e-01
9.193983836859789815e-02
4.753948797313271579e-01
2.613169942539723678e-01
-3.156372394569223472e-01
2.947466062286412392e-01
-4.507031885370283986e-01
5.719272836482884870e-01
2.573043644190488033e-01
3.994782745738207352e-01
-3.055426730681992664e-01
3.810738653321034120e-01
4.137322419403730023e-01
4.070937098028701850e-01
-5.321571567592030538e-01
1.768233075770411222e-01
-2.216177290252807630e-01
-6.054682137004497866e-01
3.897787487081956770e-01
1.000000000000000000e+00
9.158781378830971320e-02
-7.645118006329484905e-02
3.357040339960219444e-01
3.502329856766324134e-01
2.282559676985082830e-01
-4.390141052642247410e-01
-9.208426846157096168e-01
-8.428902329924801984e-02
2.964929523205017126e-01
-5.337139929903942370e-01
3.111046430500828963e-01
-3.325876677492121125e-01
5.646049129200449990e-01
5.547364442701532283e-01
2.896318414647490458e-02
4.079864726030074662e-01
1.608628505911799678e-01
-4.453312215929716711e-01
6.510537970859169299e-01
-6.221491645150462046e-01
-5.388669849683201951e-01
-1.927410471025384764e-01
4.647672075333678654e-01
-6.685579612923452375e-01
-1.000000000000000000e+00
9.164046151537080798e-01
1.337659958353019651e-01
-5.824273317495455571e-02
2.479060125601099396e-01
3.821439132092343538e-01
3.102461551759282954e-01
-6.857592546031718861e-01
-5.241064748590197331e-01
1.000000000000000000e+00
-7.612681403551422310e-01
-3.100076435996014235e-01
-5.842442376797619685e-01
-1.290562382682856057e-01
5.160377917860394792e-01
-4.734905656608372482e-01
-4.657259623960526007e-02
4.020670694739617579e-01
-7.804573209314724647e-01
-4.282983647058047905e-01
-1.460336199914608057e-01
5.399766380081532091e-01
4.556043389946692890e-01
-6.894992699806420378e-01
-4.287194908604559096e-01
-6.649760640904733844e-02
2.515751707597477238e-03
-2.122250038369982716e-01
6.731418952234944353e-01
-6.236102993549249573e-01
-3.275639219858446083e-01
8.714728307742900526e-01
-2.837189799846198124e-01
4.611065772379944194e-01
6.616082429278055121e-01
-1.144924423590124585e-01
2.034753309679392108e-01
3.457109432783083136e-01
-1.463992618656537736e-01
3.764798769864003553e-02
2.495614029369659925e-01
3.678919921190623166e-01
1.196543347799813861e-01
-1.360793595612312112e-01
-3.311821275496730221e-01
-1.823249527449784801e-01
-8.490974752864726138e-01
-2.859712198312319709e-01
1.000000000000000000e+00
-8.564583334973580042e-01
1.280272067898176602e-01
-6.221634100250058586e-01
-1.265096343199780260e-01
1.845627670282428412e-01
3.380123022928415571e-02
3.424157621855919986e-01
-3.592368255517548459e-01
-4.508684601869224207e-02
3.569136618601734812e-01
7.884025853767380188e-01
-6.881169929922632544e-01
2.945774534165562231e-01
3.050963382082689246e-01
2.296621554524710951e-01
-3.612132434676346704e-01
3.018257473292549897e-01
3.241849318442381889e-01
-4.325445201248635518e-01
4.275299636064980868e-01
8.172739868453628986e-01
4.251769409391449872e-01
6.648621221422317262e-01
2.213314686305781209e-01
-9.722109178967372478e-02
1.525936279919578031e-01
1.674477610031263330e-01
7.677502557237217973e-01
1.064939807622641288e-01
1.235469994222435641e-01
-1.318709770348610311e-01
-2.781956218104720824e-01
1.000000000000000000e+00
5.956734047328822168e-01
-5.112988364344055459e-01
5.759120082439941335e-01
-1.218326539436709322e-01
5.662233349611872635e-01
8.988013411797888264e-01
-7.535045177759656099e-01
-6.842640399298975940e-01
3.613722409494789511e-01
4.942809671381849235e-01
1.000000000000000000e+00
-7.806163695691655802e-01
-2.223456283692488711e-01
-7.144371093697183817e-01
-6.114910240333634173e-01
2.469425612832358286e-01
2.851907651447989356e-02
-5.295017346483154030e-01
6.344532359759700313e-01
-2.684760133367680157e-01
-1.487194722278787906e-01
2.620941971290013939e-01
-2.448599829820002072e-01
9.010775479716993663e-01
-1.102947147266904043e-01
3.788238231402263345e-01
-1.000000000000000000e+00
1.991095172172069327e-01
-5.059739698185766743e-01
4.288904583048092078e-01
-3.079954524164040808e-01
4.089198090684609266e-01
2.000530480530857830e-02
-1.000000000000000000e+00
1.213323524052094121e-01
-9.244080744550475098e-03
-5.851452082542369926e-01
-2.866377651288356532e-01
-5.055470883468040633e-01
-1.000000000000000000e+00
1.510933789038912400e-02
-5.639355873426507015e-01
9.995707533013045709e-02
-1.000000000000000000e+00
2.330174110026821677e-01
-8.449331873987292463e-01
-4.671517931745871044e-01
-6.009250992425043680e-01
-2.515850914180536857e-02
-4.172821451690441608e-01
-1.000000000000000000e+00
3.089215359201287203e-01
-1.000000000000000000e+00
4.711292706185469248e-01
5.309735832127016053e-01
-3.533767641186358333e-01
3.844021838905115618e-01
-1.659104864974542959e-01
1.000000000000000000e+00
-1.781548809661078203e-01
2.196258803164717888e-01
1.298604750279444553e-01
4.041825029143214509e-01
-4.326737258210369697e-01
-7.009666349604436464e-01
-1.029804239277230665e-01
3.173617105441898789e-01
-5.908382708595805166e-01
9.404141359711648551e-01
1.215521576757208205e-01
-6.263988840787254597e-01
8.277420043051933463e-02
5.020417026231980273e-01
-2.409199155535812487e-01
-6.644486136600736836e-01
5.493547337535648056e-01
1.683007971319925855e-01
-2.279805275100382778e-02
4.104550249122904115e-01
9.291007416699113841e-02
-6.403968099832894056e-01
-1.444079468361339491e-01
1.418738756413203128e-01
-1.790936812855212501e-01
-3.539838364750860222e-01
-8.669687654447646996e-02
-1.752616393867779676e-01
8.456896005865663923e-01
-6.760600034491442978e-01
2.323162662600217893e-02
3.944284904877292663e-01
1.965199102238678608e-01
-1.009953503509772726e-01
-1.912452548690513066e-01
8.150679213456679673e-01
-2.925442645707677092e-01
2.774758856182289457e-01
-7.159135575233883664e-01
-3.132381379553104694e-01
3.238615795744055892e-01
-1.199202082328072461e-01
-6.738700128621992747e-01
-5.095066961535734684e-01
-1.320697408352717317e-01
6.984879018202392320e-01
1.529715812923847784e-01
-3.122766098724916173e-01
2.443344520914937368e-01
6.663714207416115975e-01
-5.371347626302658274e-01
-2.590008063012735340e-01
1.000000000000000000e+00
1.297117588713256331e-01
1.472213483277512447e-02
4.347530740468185106e-01
2.904093012193844081e-01
-6.653669030566311537e-01
5.859686676255093651e-01
-3.409217691124574734e-01
2.459733106860998442e-01
8.708774894846740278e-01
1.000000000000000000e+00
9.105760184106120869e-01
3.210239252205385752e-01
-5.651100161069743111e-01
-3.080529367967640431e-01
4.121633006496792651e-01
-8.172267967656960952e-01
-1.868397219139554255e-01
-1.000000000000000000e+00
2.173742818061388249e-01
-3.697511748978745683e-01
-5.625159212609524007e-01
4.529920174478044848e-01
1.014960223028772146e-01
4.549077224437611533e-02
5.096156623443114098e-02
8.685725954512550917e-01
-9.695481582907266027e-01
3.090650524517294384e-01
7.599606948652795069e-01
3.202974718062349124e-01
1.146431891654958735e-02
-7.308746084991806224e-01
1.439931969835547554e-01
4.551384594116945070e-01
5.361751166773632837e-01
3.869058471019992118e-01
-2.625827063521772864e-01
1.683031256969630407e-02
-3.883288475055705069e-01
-6.274460450343062323e-01
-1.789154892599588431e-01
5.341770113938708597e-01
-5.787820038731097405e-01
5.656818430501755479e-01
1.000000000000000000e+00
-7.307819643795414599e-01
8.225529095897553267e-02
5.602779229854762955e-01
2.760128993622268379e-02
2.128967626659360179e-02
-5.901236288500066873e-01
3.212465994870552510e-01
-1.069436965685747754e-01
-2.558355014607283096e-01
4.276730507556778527e-01
-4.533931932335097392e-02
-1.673805583846726674e-01
-5.346677204754411994e-01
-2.189901966586557391e-01
1.103388060680813298e-01
7.040646189679489186e-02
9.431362221107578714e-01
-3.889227394235398871e-01
5.336783466174002677e-02
-4.955176690755334623e-01
7.003665330451176452e-01
-6.259210795146874506e-01
5.045136858275689473e-01
-1.532677372457214304e-01
8.674424845662592753e-02
1.344093776536486873e-02
-1.483744094587040319e-01
-3.044347073719719798e-01
1.862842308728006324e-01
1.000000000000000000e+00
-3.506005488495161915e-02
-4.595665445959909445e-01
7.404942984675737944e-03
2.690537912615130756e-01
2.705280117213905433e-02
-2.099660218951124868e-01
-3.023154647569216147e-01
-1.000000000000000000e+00
1.117942174690193524e-01
-4.925958410273097998e-01
-2.861227081067476696e-01
-8.508876310920580055e-01
3.468472942634185929e-01
-6.080980382933082184e-01
-1.080596536816403053e-01
-3.475924855647230527e-01
6.259949757045787377e-01
9.417249705906184654e-02
-3.419251598838390360e-01
1.751546771727713614e-01
5.891147541885342065e-01
4.735647317928070033e-01
-2.618543720780522888e-01
-8.929672585255785666e-01
-8.220643809759461407e-01
3.605127064853237973e-01
-5.126964644851540465e-01
1.239604950272949341e-01
-2.390068926967406915e-01
4.926066907869424694e-01
2.778229184086994374e-01
-1.180591494031496824e-01
-2.006812162335987471e-01
-7.507183802365000602e-01
5.178847446731672521e-01
5.429766828788998856e-01
-4.505231592532314977e-01
-3.529826157435175249e-01
1.416613537490917507e-01
6.566405278747075025e-01
3.423038266253002893e-01
9.444512621513027062e-01
2.239993769154856040e-01
6.507110660004477021e-01
-3.461091951256279331e-01
8.564874176223741253e-02
3.929011906200993720e-01
1.128273194773565802e-01
-2.563095112182842139e-01
-4.181191227578097136e-01
5.092862192530023258e-03
-6.264542638740805414e-01
9.684052779013807566e-02
-2.537223886808053774e-01
-5.073824340489920814e-01
-6.798413607015807436e-01
4.211937656151433229e-01
1.539304865484021623e-01
-2.093202247394674587e-01
6.861426346446478086e-02
6.973260770827895971e-01
-1.742559014316940047e-01
-3.321789624510389505e-01
-1.798761222128949511e-01
-7.659919101409728981e-01
2.715781702410825504e-01
-2.540280965850753025e-01
-1.000000000000000000e+00
-2.703339224054168155e-01
3.784054408705068706e-01
1.600951761112926752e-01
1.517013719373089958e-02
6.649553016768923464e-02
-5.168369067967990560e-01
-5.378905698684660619e-01
6.936395887588611142e-01
-1.685705596218397551e-01
-1.734595231299676799e-01
-1.269999394372033907e-01
1.291280779617686725e-01
-5.241866793384166723e-01
-1.000000000000000000e+00
4.664759388952466335e-02
4.205170852934699832e-01
-2.432616249478286863e-01
5.376297356627951496e-01
-4.152729933907242099e-01
-6.270753421296464403e-01
-1.523996987254528368e-01
-8.026605219014892878e-01
7.456772270915072998e-01
-2.845488246122612197e-01
-6.219010108620501992e-02
5.534346284293165663e-01
-1.142602654878278889e-01
-3.738643303222223546e-02
1.740365568296483867e-01
-3.752324887511031271e-02
1.942599748595520148e-01
-2.381549385908823258e-01
-8.741752963415599931e-02
-1.712480963317132565e-01
1.656741410864170094e-01
-2.405480945784904123e-01
-6.900630367426494605e-01
1.995831237906250388e-01
1.369114521385127736e-01
-6.642630455300313486e-01
-2.977315869456501063e-01
-3.064502638345353303e-01
-3.573466483053440168e-01
3.446067861769275820e-01
3.642443059601652156e-01
-8.923842660641024827e-01
3.441272898364719501e-01
-2.221238315409945208e-01
-4.749698083061084097e-01
5.070767527442631151e-01
-2.634932100154316892e-01
8.221918073814092898e-01
-3.480608818762566115e-01
2.083317245209878044e-01
7.493324433657276851e-01
-2.723949811993893189e-01
2.865403188105319909e-01
-1.000000000000000000e+00
7.079221300234961323e-01
1.000000000000000000e+00
2.970048183087952154e-01
-4.436191655895793673e-02
-4.796447594022529848e-01
2.922006667400941504e-01
-3.037846675801689211e-01
1.000000000000000000e+00
-7.687650204319063096e-02
-3.268616092617152580e-01
5.901345832714876005e-01
-3.474311896438171954e-01
3.166791748091923320e-01
8.189297025996057355e-01
-1.920874719064731839e-01
6.664341985478121622e-01
3.312302053932403290e-03
-3.122711714041198627e-01
-8.158404899277241773e-01
1.917047106266935863e-01
-5.810306524354666990e-01
6.480788107383722574e-01
-2.388179261587859703e-01
1.469297248346420615e-01
-2.716269710674493187e-01
4.540155569857166618e-01
1.474210001139967252e-01
5.031938851829953485e-01
2.983225533173176069e-01
6.631556862461942536e-01
4.910903657175532677e-01
-5.755527603967033334e-01
-4.508699462975181982e-01
-3.200405003574998686e-01
5.082303802222173372e-01
-2.006042625917294486e-01
-7.775234847091443413e-01
-3.091227789949779203e-01
2.705867703532023882e-01
3.430021704382897330e-01
1.908648272125117729e-01
-5.641407582593115366e-01
4.482748254257442611e-01
-3.063514135627328772e-01
3.403058725261920991e-01
1.346017037711471909e-01
4.484352962633464945e-01
3.092536346579210504e-01
-2.588966942734203247e-01
5.215623953264491436e-02
-2.229831909576051596e-01
6.998027874184468144e-01
-4.578780272942915147e-02
-2.575177404473532050e-01
1.005098538352047488e-01
-2.353791711498134931e-01
3.628833757447472164e-01
9.226143086196474108e-02
6.136380395424225753e-01
-2.784659981817426688e-01
-2.954928891352794906e-01
1.000000000000000000e+00
-5.747508145814419489e-01
2.754322101090940222e-01
2.849068593108720071e-01
1.527737042189591943e-02
-1.000000000000000000e+00
-8.477143249107384204e-02
-6.014497298695795635e-01
-6.819801790740671610e-01
-6.215353657673567955e-01
-5.152761705283793736e-01
-6.618493246421602860e-01
2.468656919707960806e-01
6.590611449263905630e-01
-3.316959330193769984e-01
-8.148542257300703251e-02
-4.183831552542763288e-01
6.194975783788577717e-01
-4.449830254797769169e-01
-2.037553495880513044e-01
4.235952911380129193e-01
-8.309878318874820424e-01
1.000000000000000000e+00
7.787246215456949949e-01
-5.563022470506053807e-01
3.470536616634545268e-02
-8.287967792563569192e-02
9.967799330275799174e-02
-6.283966341628481889e-01
8.672420385420323563e-02
-2.513338316746785428e-01
-5.350411769211105284e-01
4.625862098705577075e-01
-7.127522938275855369e-01
3.868674458514371750e-01
-1.222195615769460231e-01
4.836681504214496718e-01
7.619028462083382580e-01
-2.021021327206538043e-01
-6.913946683314770025e-02
-6.154690450234161503e-01
1.000000000000000000e+00
-1.000000000000000000e+00
-3.194795660042083485e-01
-2.537082249208655882e-01
4.633072014723051968e-01
-5.073324144354367515e-01
-1.006832566332738210e-02
-4.572121675445430244e-01
9.175358052093804950e-01
-1.000000000000000000e+00
2.340253278564354000e-01
1.000000000000000000e+00
-2.193219115053986479e-01
-6.862112902459445163e-01
4.177912944973281584e-01
-1.261700141488020788e-01
5.606354552651297007e-01
-9.089528859377047354e-01
-6.750530552268712015e-01
6.582653550469446113e-01
-2.236924015276511024e-01
8.529560940842576544e-01
-5.578208961823752920e-01
7.727759467075230315e-01
-4.181086838385732474e-01
1.226797201596565023e-01
5.735834582554247274e-02
3.549009804188152928e-01
1.000000000000000000e+00
-9.346673077224405823e-02
-4.787666373080289306e-01
-9.265965625504929415e-02
-4.482859115076340273e-01
-4.387209465943480158e-01
-4.164651492228656215e-02
-1.268934137062246170e-01
-1.000000000000000000e+00
-3.495114894714548837e-01
1.893409691127923011e-01
4.055943562050569051e-01
1.137703551767938193e-01
3.740452504858295946e-01
3.123903520605224582e-01
1.204206725983953674e-01
-2.940917162113979022e-01
7.699703175907558483e-01
-4.436010576956546103e-01
3.827888828524140807e-01
-1.000000000000000000e+00
-4.207549228325523361e-01
-2.065748008372142452e-01
-3.153701557214238504e-01
7.170658921965462618e-01
1.760811643202764287e-02
3.207782243563681579e-01
-8.779792052695076787e-01
4.845567248240885139e-01
4.515599488149716345e-01
2.860756207049311439e-01
7.766014111851632373e-02
1.587425014121805755e-01
3.113713545810163352e-01
2.777913572133657305e-01
1.279812118950128252e-01
1.818876934305758974e-01
4.491191908424865264e-01
2.076523006241567937e-01
-3.919946995922259925e-01
-3.456503699782845773e-01
2.793675814136226676e-01
-5.182639978786365842e-02
3.986416485032777679e-01
4.716466592825192539e-01
2.523659321681820389e-01
-7.796587445134053329e-01
1.000000000000000000e+00
-2.608185373835160692e-01
3.277080437874002605e-04
-2.556230338211766817e-01
1.025174405287058721e-01
-8.564668126768530954e-01
-1.507737838228954130e-01
-1.049237902135434913e-01
2.999883490285596421e-01
-6.741447571748393486e-02
8.217291321732389520e-02
-1.062237121434869147e-01
-1.000000000000000000e+00
-2.483780422131195986e-03
7.803809398922504359e-01
6.582041436421197655e-01
-1.000000000000000000e+00
4.902768999489001134e-01
-2.301213635149715331e-01
4.265573204232703808e-01
8.639438364246183610e-01
3.109593856106458998e-01
-7.854687305809708586e-02
-1.612993900011678305e-01
4.673710649730220545e-01
-6.846857355173092963e-02
3.462014480274048234e-01
-4.178327560891608172e-01
-1.000000000000000000e+00
1.276850283056051860e-01
-3.156708935326000276e-01
-1.414566678377224274e-01
1.000000000000000000e+00
9.566657572427098022e-02
-1.000000000000000000e+00
-9.680618514906812466e-01
-5.459357801212563754e-02
2.824486102411442601e-01
9.069490296980107225e-01
1.386925634971031274e-02
1.562532053967065071e-01
6.605666185777246679e-02
4.171566705796808661e-02
6.390389204666689915e-01
7.172595678267855435e-02
2.517196946273073666e-01
-5.832486220174216696e-01
4.434538454338499136e-03
-2.205629398055234391e-01
-4.523738545876934136e-01
-1.000000000000000000e+00
3.362146640222376526e-01
1.526599671639994882e-01
5.580019511223442974e-01
-4.918097403931154243e-02
-8.310426803174431054e-02
5.152123246706523663e-01
-6.381403288937140816e-01
-9.373670123736965731e-01
2.193772398757661279e-01
-2.416519134860053986e-01
-2.047857400758302526e-01
-2.744111972668713539e-01
2.848865559294533334e-02
6.362166740212744642e-01
-4.202219601318881725e-01
6.388329030951329646e-01
5.753528615667449220e-01
-9.181432724540905532e-02
-8.150951010222113879e-01
2.361772754592151857e-01
-4.988354847923149871e-01
-2.110780635471583011e-01
3.205864328649089545e-01
-3.704085087077931826e-01
-4.418496583003522216e-01
4.489610391007973766e-01
-7.320780900477322217e-02
-6.839939289515686305e-01
-2.179812144856604350e-01
3.472642924878549531e-02
4.889491718845062618e-01
-2.638935231248890068e-01
2.373939707793824294e-01
4.479537316761152965e-01
-7.376209608299650888e-01
-3.916334197021771324e-01
3.528698219964049310e-01
-1.583741887424060524e-01
4.135510146492765715e-01
-7.112141784607437511e-01
3.081667397542489639e-01
-1.761558314617538423e-01
-1.000000000000000000e+00
1.602101862925305042e-01
1.341328808255945193e-01
-2.644056753628565848e-01
2.832710749646563664e-01
-6.145448907771492442e-01
-5.436397950436459015e-01
-1.435330342954327931e-01
1.494742724435154657e-01
1.436603494718931284e-01
-1.048922379198475030e-01
-7.924251924818167536e-01
-7.155130305683015113e-01
2.094116099289421440e-01
7.387467364138380344e-01
2.260301585032395422e-01
-4.202089140779273757e-01
1.000000000000000000e+00
4.703273105561162071e-01
-2.460120908780086268e-02
-3.446240538988892821e-01
